# Section: Entries of the ADER-DG Clm matrices 
1.000000000000000000 
0.000000000000000000 
0.000000000000000000 
0.000000000000000000 
0.000000000000000000 
0.000000000000000000 
0.000000000000000000 
2.000000000000000000 
1.000000000000000000 
0.000000000000000000 
0.000000000000000000 
0.000000000000000000 
0.000000000000000000 
0.000000000000000000 
3.000000000000000000 
0.000000000000000000 
0.000000000000000000 
0.000000000000000000 
0.000000000000000000 
0.000000000000000000 
.666666666666666667 
12.000000000000000000 
6.000000000000000000 
2.000000000000000000 
0.000000000000000000 
1.333333333333333333 
.666666666666666667 
0.000000000000000000 
10.000000000000000000 
10.000000000000000000 
0.000000000000000000 
0.000000000000000000 
-1.333333333333333333 
0.000000000000000000 
0.000000000000000000 
20.000000000000000000 
0.000000000000000000 
0.000000000000000000 
0.000000000000000000 
0.000000000000000000 
0.000000000000000000 
0.000000000000000000 
1.000000000000000000 
0.000000000000000000 
0.000000000000000000 
0.000000000000000000 
0.000000000000000000 
0.000000000000000000 
0.000000000000000000 
0.000000000000000000 
0.000000000000000000 
0.000000000000000000 
0.000000000000000000 
0.000000000000000000 
0.000000000000000000 
6.000000000000000000 
3.000000000000000000 
0.000000000000000000 
0.000000000000000000 
0.000000000000000000 
0.000000000000000000 
0.000000000000000000 
5.000000000000000000 
0.000000000000000000 
0.000000000000000000 
0.000000000000000000 
0.000000000000000000 
0.000000000000000000 
0.000000000000000000 
0.000000000000000000 
0.000000000000000000 
0.000000000000000000 
0.000000000000000000 
0.000000000000000000 
0.000000000000000000 
0.000000000000000000 
0.000000000000000000 
0.000000000000000000 
0.000000000000000000 
0.000000000000000000 
0.000000000000000000 
0.000000000000000000 
0.000000000000000000 
0.000000000000000000 
1.000000000000000000 
0.000000000000000000 
0.000000000000000000 
0.000000000000000000 
0.000000000000000000 
0.000000000000000000 
0.000000000000000000 
0.000000000000000000 
-.333333333333333333 
0.000000000000000000 
0.000000000000000000 
0.000000000000000000 
0.000000000000000000 
3.333333333333333333 
1.666666666666666667 
0.000000000000000000 
0.000000000000000000 
0.000000000000000000 
0.000000000000000000 
0.000000000000000000 
6.666666666666666667 
0.000000000000000000 
0.000000000000000000 
0.000000000000000000 
0.000000000000000000 
0.000000000000000000 
0.000000000000000000 
0.000000000000000000 
0.000000000000000000 
0.000000000000000000 
0.000000000000000000 
0.000000000000000000 
0.000000000000000000 
0.000000000000000000 
0.000000000000000000 
0.000000000000000000 
0.000000000000000000 
0.000000000000000000 
0.000000000000000000 
0.000000000000000000 
0.000000000000000000 
0.000000000000000000 
1.000000000000000000 
0.000000000000000000 
0.000000000000000000 
0.000000000000000000 
0.000000000000000000 
0.000000000000000000 
0.000000000000000000 
0.000000000000000000 
0.000000000000000000 
0.000000000000000000 
0.000000000000000000 
0.000000000000000000 
0.000000000000000000 
0.000000000000000000 
0.000000000000000000 
0.000000000000000000 
0.000000000000000000 
0.000000000000000000 
0.000000000000000000 
0.000000000000000000 
0.000000000000000000 
0.000000000000000000 
0.000000000000000000 
0.000000000000000000 
0.000000000000000000 
0.000000000000000000 
0.000000000000000000 
0.000000000000000000 
0.000000000000000000 
0.000000000000000000 
0.000000000000000000 
0.000000000000000000 
0.000000000000000000 
0.000000000000000000 
0.000000000000000000 
0.000000000000000000 
0.000000000000000000 
0.000000000000000000 
0.000000000000000000 
0.000000000000000000 
0.000000000000000000 
0.000000000000000000 
1.000000000000000000 
0.000000000000000000 
0.000000000000000000 
0.000000000000000000 
0.000000000000000000 
0.000000000000000000 
0.000000000000000000 
0.000000000000000000 
0.000000000000000000 
0.000000000000000000 
0.000000000000000000 
0.000000000000000000 
0.000000000000000000 
0.000000000000000000 
0.000000000000000000 
0.000000000000000000 
0.000000000000000000 
0.000000000000000000 
0.000000000000000000 
0.000000000000000000 
0.000000000000000000 
0.000000000000000000 
0.000000000000000000 
0.000000000000000000 
0.000000000000000000 
0.000000000000000000 
0.000000000000000000 
0.000000000000000000 
0.000000000000000000 
0.000000000000000000 
0.000000000000000000 
0.000000000000000000 
0.000000000000000000 
0.000000000000000000 
0.000000000000000000 
0.000000000000000000 
0.000000000000000000 
0.000000000000000000 
0.000000000000000000 
0.000000000000000000 
0.000000000000000000 
0.000000000000000000 
1.000000000000000000 
0.000000000000000000 
0.000000000000000000 
0.000000000000000000 
0.000000000000000000 
0.000000000000000000 
