# Maximum OI order contained in this file 
5
# Section: Entries of the Oscillation indicator matrices 
0.000000000000000000 
0.000000000000000000 
0.000000000000000000 
0.000000000000000000 
0.000000000000000000 
0.000000000000000000 
0.000000000000000000 
0.000000000000000000 
0.000000000000000000 
0.000000000000000000 
0.000000000000000000 
0.000000000000000000 
0.000000000000000000 
0.000000000000000000 
0.000000000000000000 
0.000000000000000000 
0.000000000000000000 
0.000000000000000000 
0.000000000000000000 
0.000000000000000000 
0.000000000000000000 
0.000000000000000000 
0.000000000000000000 
0.000000000000000000 
0.000000000000000000 
0.000000000000000000 
0.000000000000000000 
0.000000000000000000 
0.000000000000000000 
0.000000000000000000 
0.000000000000000000 
0.000000000000000000 
0.000000000000000000 
0.000000000000000000 
0.000000000000000000 
0.000000000000000000 
0.000000000000000000 
0.000000000000000000 
0.000000000000000000 
0.000000000000000000 
0.000000000000000000 
0.000000000000000000 
0.000000000000000000 
0.000000000000000000 
0.000000000000000000 
0.000000000000000000 
0.000000000000000000 
0.000000000000000000 
0.000000000000000000 
0.000000000000000000 
0.000000000000000000 
0.000000000000000000 
0.000000000000000000 
0.000000000000000000 
0.000000000000000000 
0.000000000000000000 
0.000000000000000000 
1.000000000000000000 
.666666666666666667 
.666666666666666667 
.166666666666666667 
.500000000000000000 
-.083333333333333333 
.500000000000000000 
.333333333333333333 
-.416666666666666667 
.300000000000000000 
.100000000000000000 
.300000000000000000 
.300000000000000000 
.100000000000000000 
.300000000000000000 
-.050000000000000000 
.300000000000000000 
.200000000000000000 
.550000000000000000 
.066666666666666667 
.200000000000000000 
.066666666666666667 
.200000000000000000 
-.100000000000000000 
.200000000000000000 
.066666666666666667 
.200000000000000000 
.200000000000000000 
.066666666666666667 
.200000000000000000 
-.033333333333333333 
.200000000000000000 
.133333333333333333 
-.466666666666666667 
.142857142857142857 
.047619047619047619 
.142857142857142857 
.047619047619047619 
.142857142857142857 
.190476190476190476 
.047619047619047619 
.142857142857142857 
.047619047619047619 
.142857142857142857 
-.071428571428571429 
.142857142857142857 
.047619047619047619 
.142857142857142857 
.142857142857142857 
.047619047619047619 
.142857142857142857 
-.023809523809523810 
.142857142857142857 
.095238095238095238 
.523809523809523810 
0.000000000000000000 
.666666666666666667 
1.666666666666666667 
.666666666666666667 
.333333333333333333 
.333333333333333333 
-.416666666666666667 
.333333333333333333 
.833333333333333333 
-.416666666666666667 
.200000000000000000 
.200000000000000000 
.200000000000000000 
.800000000000000000 
.200000000000000000 
.200000000000000000 
-.250000000000000000 
.200000000000000000 
.500000000000000000 
.550000000000000000 
.133333333333333333 
.133333333333333333 
.133333333333333333 
.133333333333333333 
-.366666666666666667 
.133333333333333333 
.133333333333333333 
.133333333333333333 
.533333333333333333 
.133333333333333333 
.133333333333333333 
-.166666666666666667 
.133333333333333333 
.333333333333333333 
-.466666666666666667 
.095238095238095238 
.095238095238095238 
.095238095238095238 
.095238095238095238 
.095238095238095238 
.523809523809523810 
.095238095238095238 
.095238095238095238 
.095238095238095238 
.095238095238095238 
-.261904761904761905 
.095238095238095238 
.095238095238095238 
.095238095238095238 
.380952380952380952 
.095238095238095238 
.095238095238095238 
-.119047619047619048 
.095238095238095238 
.238095238095238095 
.523809523809523810 
0.000000000000000000 
.666666666666666667 
.666666666666666667 
2.666666666666666667 
.333333333333333333 
.333333333333333333 
.333333333333333333 
.333333333333333333 
.333333333333333333 
-1.666666666666666667 
.200000000000000000 
.200000000000000000 
.200000000000000000 
.200000000000000000 
.200000000000000000 
.200000000000000000 
.200000000000000000 
.200000000000000000 
.200000000000000000 
2.200000000000000000 
.133333333333333333 
.133333333333333333 
.133333333333333333 
.133333333333333333 
.133333333333333333 
.133333333333333333 
.133333333333333333 
.133333333333333333 
.133333333333333333 
.133333333333333333 
.133333333333333333 
.133333333333333333 
.133333333333333333 
.133333333333333333 
-1.866666666666666667 
.095238095238095238 
.095238095238095238 
.095238095238095238 
.095238095238095238 
.095238095238095238 
.095238095238095238 
.095238095238095238 
.095238095238095238 
.095238095238095238 
.095238095238095238 
.095238095238095238 
.095238095238095238 
.095238095238095238 
.095238095238095238 
.095238095238095238 
.095238095238095238 
.095238095238095238 
.095238095238095238 
.095238095238095238 
.095238095238095238 
2.095238095238095238 
0.000000000000000000 
.166666666666666667 
.333333333333333333 
.333333333333333333 
39.000000000000000000 
18.333333333333333330 
9.800000000000000000 
18.333333333333333330 
9.966666666666666667 
9.666666666666666667 
9.266666666666666667 
42.333333333333333330 
8.877777777777777778 
-3.833333333333333333 
42.333333333333333330 
30.111111111111111110 
9.933333333333333333 
-.222222222222222222 
.100000000000000000 
-13.666666666666666670 
40.076190476190476190 
18.114285714285714290 
39.742857142857142860 
18.161904761904761900 
15.457142857142857140 
18.114285714285714290 
45.142857142857142860 
17.947619047619047620 
3.071428571428571429 
38.142857142857142860 
18.047619047619047620 
9.971428571428571429 
18.261904761904761900 
9.923809523809523810 
27.666666666666666670 
12.142857142857142860 
42.238095238095238100 
12.057142857142857140 
42.071428571428571430 
11.884523809523809520 
-7.875000000000000000 
42.238095238095238100 
25.257142857142857140 
42.071428571428571430 
25.280952380952380950 
13.928571428571428570 
9.057142857142857143 
42.071428571428571430 
8.973809523809523810 
-3.964285714285714286 
42.071428571428571430 
30.023809523809523810 
9.985714285714285714 
-.244047619047619048 
.086904761904761905 
-35.666666666666666670 
0.000000000000000000 
.500000000000000000 
.333333333333333333 
.333333333333333333 
18.333333333333333330 
42.200000000000000000 
42.733333333333333330 
14.200000000000000000 
22.566666666666666670 
9.666666666666666667 
15.200000000000000000 
34.266666666666666670 
15.588888888888888890 
-23.833333333333333330 
24.777777777777777780 
50.511111111111111110 
36.911111111111111110 
-.044444444444444444 
-.366666666666666667 
-13.666666666666666670 
22.933333333333333330 
36.742857142857142860 
23.000000000000000000 
37.266666666666666670 
67.171428571428571430 
22.085714285714285710 
39.114285714285714290 
22.252380952380952380 
-6.928571428571428571 
18.047619047619047620 
40.885714285714285710 
42.104761904761904760 
14.100000000000000000 
22.438095238095238100 
27.666666666666666670 
20.071428571428571430 
32.785714285714285710 
20.328571428571428570 
32.819047619047619050 
20.263095238095238100 
-45.291666666666666670 
26.866666666666666670 
42.171428571428571430 
26.900000000000000000 
42.433333333333333330 
58.985714285714285710 
15.042857142857142860 
34.057142857142857140 
15.126190476190476190 
-23.964285714285714290 
24.690476190476190480 
50.109523809523809520 
36.719047619047619050 
-.075000000000000000 
-.405952380952380952 
-35.666666666666666670 
0.000000000000000000 
-.083333333333333333 
-.416666666666666667 
.333333333333333333 
9.800000000000000000 
42.733333333333333330 
80.800000000000000000 
11.983333333333333330 
28.716666666666666670 
9.666666666666666667 
14.816666666666666670 
39.283333333333333330 
15.594444444444444440 
-49.583333333333333330 
17.933333333333333330 
50.244444444444444440 
70.933333333333333330 
-.005555555555555556 
-.650000000000000000 
-13.666666666666666670 
17.847619047619047620 
37.314285714285714290 
18.314285714285714290 
37.647619047619047620 
127.657142857142857100 
20.921428571428571430 
45.121428571428571430 
21.254761904761904760 
-27.250000000000000000 
9.971428571428571429 
42.104761904761904760 
78.400000000000000000 
11.997619047619047620 
28.673809523809523810 
27.666666666666666670 
19.875000000000000000 
36.041666666666666670 
20.175000000000000000 
36.275000000000000000 
20.341666666666666670 
-92.625000000000000000 
22.723809523809523810 
42.057142857142857140 
22.957142857142857140 
42.223809523809523810 
115.628571428571428600 
14.960714285714285710 
39.060714285714285710 
15.127380952380952380 
-49.125000000000000000 
17.985714285714285710 
50.052380952380952380 
70.200000000000000000 
-.001190476190476190 
-.663095238095238095 
-35.666666666666666670 
0.000000000000000000 
.500000000000000000 
.333333333333333333 
.333333333333333333 
18.333333333333333330 
14.200000000000000000 
11.983333333333333330 
56.200000000000000000 
43.066666666666666670 
60.916666666666666670 
15.200000000000000000 
24.100000000000000000 
15.033333333333333330 
6.000000000000000000 
38.333333333333333330 
50.733333333333333330 
19.883333333333333330 
.733333333333333333 
.800000000000000000 
-84.250000000000000000 
22.933333333333333330 
20.457142857142857140 
22.833333333333333330 
20.385714285714285710 
16.814285714285714290 
42.442857142857142860 
39.161904761904761900 
42.371428571428571430 
33.357142857142857140 
18.261904761904761900 
14.671428571428571430 
11.890476190476190480 
55.385714285714285710 
42.580952380952380950 
168.666666666666666700 
20.071428571428571430 
26.059523809523809520 
20.007142857142857140 
26.009523809523809520 
19.971428571428571430 
7.952380952380952381 
34.938095238095238100 
42.242857142857142860 
34.888095238095238100 
42.207142857142857140 
16.700000000000000000 
15.435714285714285710 
24.152380952380952380 
15.400000000000000000 
6.392857142857142857 
38.202380952380952380 
50.550000000000000000 
19.909523809523809520 
.157142857142857143 
.433333333333333333 
-216.380952380952381000 
0.000000000000000000 
.333333333333333333 
.833333333333333333 
.333333333333333333 
9.966666666666666667 
22.566666666666666670 
28.716666666666666670 
43.066666666666666670 
82.466666666666666670 
60.916666666666666670 
14.900000000000000000 
24.200000000000000000 
15.400000000000000000 
6.500000000000000000 
38.433333333333333330 
50.633333333333333330 
19.683333333333333330 
.800000000000000000 
.600000000000000000 
-84.250000000000000000 
17.895238095238095240 
25.266666666666666670 
18.195238095238095240 
25.480952380952380950 
36.395238095238095240 
36.195238095238095240 
45.323809523809523810 
36.409523809523809520 
64.166666666666666670 
10.423809523809523810 
22.509523809523809520 
27.566666666666666670 
42.580952380952380950 
80.995238095238095240 
168.666666666666666700 
19.904761904761904760 
26.011904761904761900 
20.097619047619047620 
26.161904761904761900 
20.204761904761904760 
8.119047619047619048 
34.890476190476190480 
42.176190476190476190 
35.040476190476190480 
42.283333333333333330 
16.604761904761904760 
15.240476190476190480 
24.304761904761904760 
15.347619047619047620 
7.154761904761904762 
38.354761904761904760 
50.397619047619047620 
19.604761904761904760 
.433333333333333333 
-.395238095238095238 
-216.380952380952381000 
0.000000000000000000 
-.416666666666666667 
-.416666666666666667 
-1.666666666666666667 
9.666666666666666667 
9.666666666666666667 
9.666666666666666667 
60.916666666666666670 
60.916666666666666670 
156.666666666666666700 
14.750000000000000000 
14.750000000000000000 
14.750000000000000000 
14.750000000000000000 
50.333333333333333330 
50.333333333333333330 
50.333333333333333330 
.750000000000000000 
.750000000000000000 
-214.000000000000000000 
17.809523809523809520 
17.809523809523809520 
17.809523809523809520 
17.809523809523809520 
17.809523809523809520 
45.130952380952380950 
45.130952380952380950 
45.130952380952380950 
45.130952380952380950 
10.380952380952380950 
10.380952380952380950 
10.380952380952380950 
60.559523809523809520 
60.559523809523809520 
425.666666666666666700 
19.851190476190476190 
19.851190476190476190 
19.851190476190476190 
19.851190476190476190 
19.851190476190476190 
19.851190476190476190 
42.047619047619047620 
42.047619047619047620 
42.047619047619047620 
42.047619047619047620 
42.047619047619047620 
15.208333333333333330 
15.208333333333333330 
15.208333333333333330 
15.208333333333333330 
50.333333333333333330 
50.333333333333333330 
50.333333333333333330 
.422619047619047619 
.422619047619047619 
-544.523809523809523800 
0.000000000000000000 
.300000000000000000 
.200000000000000000 
.200000000000000000 
9.266666666666666667 
15.200000000000000000 
14.816666666666666670 
15.200000000000000000 
14.900000000000000000 
14.750000000000000000 
4019.200000000000000000 
1683.228571428571429000 
682.057142857142857100 
318.742857142857142900 
1683.228571428571429000 
696.190476190476190500 
335.392857142857142900 
676.000000000000000000 
323.500000000000000000 
306.850000000000000000 
1079.521428571428571000 
6501.050000000000000000 
1915.596428571428571000 
194.425000000000000000 
-230.925000000000000000 
6501.050000000000000000 
4721.057142857142857000 
1551.764285714285714000 
442.435714285714285700 
1084.348809523809524000 
918.339285714285714300 
243.577380952380952400 
-439.000000000000000000 
-194.500000000000000000 
-705.850000000000000000 
8646.297619047619048000 
4074.392857142857143000 
9194.026190476190476000 
3334.403968253968254000 
1458.403174603174603000 
1096.396825396825397000 
4074.392857142857143000 
10172.083333333333330000 
5253.751190476190476000 
1406.541666666666667000 
411.101190476190476200 
8971.740476190476190000 
4580.733333333333333000 
2129.788095238095238000 
984.583333333333333300 
2661.386111111111111000 
754.468650793650793600 
530.586111111111111100 
1751.800000000000000000 
839.242857142857142900 
1978.535714285714286000 
0.000000000000000000 
.100000000000000000 
.200000000000000000 
.200000000000000000 
42.333333333333333330 
34.266666666666666670 
39.283333333333333330 
24.100000000000000000 
24.200000000000000000 
14.750000000000000000 
1683.228571428571429000 
3479.485714285714286000 
2751.371428571428571000 
1998.457142857142857000 
1043.685714285714286000 
1520.704761904761905000 
1264.907142857142857000 
554.300000000000000000 
671.800000000000000000 
306.850000000000000000 
1550.942857142857143000 
4514.314285714285714000 
4227.317857142857143000 
417.475000000000000000 
-1829.075000000000000000 
3281.057142857142857000 
6937.121428571428571000 
4868.092857142857143000 
2377.364285714285714000 
834.879761904761904800 
1250.884523809523810000 
570.122619047619047600 
-350.300000000000000000 
-431.800000000000000000 
-705.850000000000000000 
4252.095238095238095000 
7969.055555555555556000 
6916.209523809523810000 
5937.055555555555556000 
5450.161904761904762000 
6802.174603174603175000 
3902.390476190476190000 
8320.961904761904762000 
7595.982142857142857000 
2663.063095238095238000 
228.098809523809523800 
4184.733333333333333000 
8045.821428571428571000 
6379.459523809523810000 
4639.845238095238095000 
1509.251984126984127000 
2158.167857142857143000 
2196.742460317460317000 
1442.471428571428571000 
1746.657142857142857000 
1978.535714285714286000 
0.000000000000000000 
.300000000000000000 
.200000000000000000 
.200000000000000000 
8.877777777777777778 
15.588888888888888890 
15.594444444444444440 
15.033333333333333330 
15.400000000000000000 
14.750000000000000000 
682.057142857142857100 
2751.371428571428571000 
4908.247619047619048000 
5659.457142857142857000 
632.315873015873015900 
1747.103174603174603000 
2437.218253968253968000 
480.166666666666666700 
911.000000000000000000 
306.850000000000000000 
1240.402380952380952000 
4422.311904761904762000 
5432.727380952380952000 
513.008333333333333300 
-5669.091666666666667000 
1860.097619047619048000 
5999.759523809523810000 
8118.311904761904762000 
6835.947619047619048000 
678.495634920634920600 
1324.192460317460317000 
1055.283730158730159000 
-303.166666666666666700 
-602.000000000000000000 
-705.850000000000000000 
2585.603174603174603000 
7551.515873015873016000 
7490.307936507936508000 
4335.730687830687831000 
9505.921693121693122000 
19246.767195767195770000 
3096.908730158730159000 
8495.297619047619048000 
8921.239285714285714000 
3047.593253968253968000 
-2314.636904761904762000 
2127.169047619047619000 
6778.078571428571429000 
10775.970634920634920000 
11971.309523809523810000 
811.212830687830687800 
2604.641931216931217000 
4230.932671957671958000 
1244.823809523809524000 
2360.171428571428571000 
1978.535714285714286000 
0.000000000000000000 
.300000000000000000 
.800000000000000000 
.200000000000000000 
-3.833333333333333333 
-23.833333333333333330 
-49.583333333333333330 
6.000000000000000000 
6.500000000000000000 
14.750000000000000000 
318.742857142857142900 
1998.457142857142857000 
5659.457142857142857000 
9196.457142857142857000 
443.223809523809523800 
1751.223809523809524000 
3164.973809523809524000 
445.200000000000000000 
1032.700000000000000000 
306.850000000000000000 
978.128571428571428600 
4345.842857142857143000 
6574.753571428571429000 
544.325000000000000000 
-9542.675000000000000000 
1327.435714285714286000 
5072.364285714285714000 
9262.614285714285714000 
11344.364285714285710000 
611.305952380952381000 
1308.305952380952381000 
1362.055952380952381000 
-283.200000000000000000 
-690.700000000000000000 
-705.850000000000000000 
1975.543650793650794000 
7026.734126984126984000 
7720.043650793650794000 
2759.234126984126984000 
10912.126984126984130000 
31270.841269841269840000 
2593.585714285714286000 
8472.347619047619048000 
10365.127380952380950000 
3103.746428571428571000 
-5803.825000000000000000 
1385.297619047619048000 
5433.416666666666667000 
12358.928571428571430000 
18918.178571428571430000 
488.930555555555555600 
2675.359126984126984000 
5513.609126984126984000 
1148.571428571428571000 
2669.500000000000000000 
1978.535714285714286000 
0.000000000000000000 
.100000000000000000 
.200000000000000000 
.200000000000000000 
42.333333333333333330 
24.777777777777777780 
17.933333333333333330 
38.333333333333333330 
38.433333333333333330 
50.333333333333333330 
1683.228571428571429000 
1043.685714285714286000 
632.315873015873015900 
443.223809523809523800 
4291.419047619047619000 
2368.326984126984127000 
1519.057142857142857000 
3520.977777777777778000 
2240.033333333333333000 
2628.866666666666667000 
1550.942857142857143000 
3235.380952380952381000 
1961.476190476190476000 
712.666666666666666700 
140.133333333333333300 
4879.723809523809524000 
7584.504761904761905000 
3276.509523809523810000 
995.347619047619047600 
3748.104761904761905000 
4133.720634920634921000 
1493.847619047619048000 
-2229.366666666666667000 
-1369.866666666666667000 
-5918.866666666666667000 
4252.095238095238095000 
3655.925925925925926000 
4664.809523809523810000 
3266.566666666666667000 
1878.146164021164021000 
1402.271825396825397000 
9078.146031746031746000 
8821.273015873015873000 
9627.046031746031746000 
5309.693650793650794000 
3545.757142857142857000 
6936.444444444444444000 
6021.360317460317460000 
4808.448412698412698000 
3081.678571428571429000 
6164.404761904761905000 
1938.902116402116402000 
2124.773015873015873000 
9012.863095238095238000 
5734.798809523809524000 
16261.952380952380950000 
0.000000000000000000 
.300000000000000000 
.200000000000000000 
.200000000000000000 
30.111111111111111110 
50.511111111111111110 
50.244444444444444440 
50.733333333333333330 
50.633333333333333330 
50.333333333333333330 
696.190476190476190500 
1520.704761904761905000 
1747.103174603174603000 
1751.223809523809524000 
2368.326984126984127000 
4512.625396825396825000 
4808.879365079365079000 
2875.022222222222222000 
4155.966666666666667000 
2628.866666666666667000 
1258.219047619047619000 
2860.828571428571429000 
2766.685714285714286000 
1271.400000000000000000 
-65.733333333333333330 
3885.714285714285714000 
7620.342857142857143000 
5488.928571428571429000 
1330.680952380952381000 
3163.053968253968254000 
4818.739682539682540000 
2355.358730158730159000 
-1789.966666666666667000 
-2649.466666666666667000 
-5918.866666666666667000 
2598.992063492063492000 
4749.515873015873016000 
4133.763492063492063000 
3624.164021164021164000 
4215.585582010582011000 
5044.947751322751323000 
6531.358730158730159000 
10576.358730158730160000 
8632.836507936507936000 
8408.557142857142857000 
10165.938095238095240000 
4723.430158730158730000 
7090.650793650793651000 
6851.426190476190476000 
7126.059523809523810000 
2634.521164021164021000 
5801.761375661375661000 
8261.546560846560847000 
7366.998809523809524000 
10645.063095238095240000 
16261.952380952380950000 
0.000000000000000000 
-.050000000000000000 
-.250000000000000000 
.200000000000000000 
9.933333333333333333 
36.911111111111111110 
70.933333333333333330 
19.883333333333333330 
19.683333333333333330 
50.333333333333333330 
335.392857142857142900 
1264.907142857142857000 
2437.218253968253968000 
3164.973809523809524000 
1519.057142857142857000 
4808.879365079365079000 
7898.323809523809524000 
2568.494444444444444000 
5130.383333333333333000 
2628.866666666666667000 
994.828571428571428600 
2820.809523809523810000 
3208.761904761904762000 
1362.666666666666667000 
-499.266666666666666700 
3321.702380952380952000 
7693.997619047619048000 
6528.130952380952381000 
1308.597619047619048000 
2949.847619047619048000 
4782.025396825396825000 
3553.247619047619048000 
-1599.216666666666667000 
-3318.216666666666667000 
-5918.866666666666667000 
1991.474206349206349000 
4712.090608465608466000 
4267.974206349206349000 
3078.198015873015873000 
5533.066798941798942000 
8942.799603174603175000 
5450.174603174603175000 
10834.358730158730160000 
8574.474603174603175000 
8810.160317460317460000 
16402.000000000000000000 
3805.783730158730159000 
7037.213888888888889000 
8061.775793650793651000 
10114.053571428571430000 
1081.344444444444444000 
6522.498941798941799000 
13675.384126984126980000 
6564.563095238095238000 
13120.691666666666670000 
16261.952380952380950000 
0.000000000000000000 
.300000000000000000 
.200000000000000000 
.200000000000000000 
-.222222222222222222 
-.044444444444444444 
-.005555555555555556 
.733333333333333333 
.800000000000000000 
.750000000000000000 
676.000000000000000000 
554.300000000000000000 
480.166666666666666700 
445.200000000000000000 
3520.977777777777778000 
2875.022222222222222000 
2568.494444444444444000 
7549.800000000000000000 
6410.800000000000000000 
9644.450000000000000000 
1232.766666666666667000 
1675.233333333333333000 
1415.816666666666667000 
965.983333333333333300 
658.933333333333333300 
5262.333333333333333000 
6779.366666666666667000 
4944.833333333333333000 
3183.133333333333333000 
6247.327777777777778000 
7631.005555555555556000 
4440.644444444444444000 
-4716.966666666666667000 
-3971.800000000000000000 
-21403.200000000000000000 
2579.865079365079365000 
2677.908730158730159000 
2767.148412698412698000 
2509.973544973544974000 
2087.194708994708995000 
1784.005291005291005000 
8914.358730158730159000 
8972.676190476190476000 
9156.947619047619048000 
7969.953968253968254000 
6744.295238095238095000 
8545.426190476190476000 
7575.547619047619048000 
8158.620634920634921000 
7311.059523809523810000 
2862.473544973544974000 
595.094708994708994700 
2195.824338624338624000 
19186.909523809523810000 
16297.128571428571430000 
58008.857142857142860000 
0.000000000000000000 
.200000000000000000 
.500000000000000000 
.200000000000000000 
.100000000000000000 
-.366666666666666667 
-.650000000000000000 
.800000000000000000 
.600000000000000000 
.750000000000000000 
323.500000000000000000 
671.800000000000000000 
911.000000000000000000 
1032.700000000000000000 
2240.033333333333333000 
4155.966666666666667000 
5130.383333333333333000 
6410.800000000000000000 
9827.800000000000000000 
9644.450000000000000000 
982.900000000000000000 
1671.500000000000000000 
1609.750000000000000000 
1279.250000000000000000 
1024.400000000000000000 
4695.500000000000000000 
6965.200000000000000000 
5648.000000000000000000 
4112.300000000000000000 
6426.550000000000000000 
7451.783333333333333000 
4082.200000000000000000 
-3971.800000000000000000 
-6207.300000000000000000 
-21403.200000000000000000 
1980.095238095238095000 
3005.956349206349206000 
2627.845238095238095000 
2568.961904761904762000 
2987.706349206349206000 
3407.690476190476190000 
7441.095238095238095000 
10059.628571428571430000 
8359.728571428571429000 
9539.795238095238095000 
11671.571428571428570000 
7095.178571428571429000 
8561.628571428571429000 
8255.595238095238095000 
12241.464285714285710000 
150.661904761904761900 
3306.906349206349206000 
7619.447619047619048000 
16297.128571428571430000 
24966.471428571428570000 
58008.857142857142860000 
0.000000000000000000 
.550000000000000000 
.550000000000000000 
2.200000000000000000 
-13.666666666666666670 
-13.666666666666666670 
-13.666666666666666670 
-84.250000000000000000 
-84.250000000000000000 
-214.000000000000000000 
306.850000000000000000 
306.850000000000000000 
306.850000000000000000 
306.850000000000000000 
2628.866666666666667000 
2628.866666666666667000 
2628.866666666666667000 
9644.450000000000000000 
9644.450000000000000000 
19827.600000000000000000 
966.200000000000000000 
966.200000000000000000 
966.200000000000000000 
966.200000000000000000 
966.200000000000000000 
5489.150000000000000000 
5489.150000000000000000 
5489.150000000000000000 
5489.150000000000000000 
9243.133333333333333000 
9243.133333333333333000 
9243.133333333333333000 
-6029.950000000000000000 
-6029.950000000000000000 
-43636.600000000000000000 
1964.164682539682540000 
1964.164682539682540000 
1964.164682539682540000 
1964.164682539682540000 
1964.164682539682540000 
1964.164682539682540000 
8612.228571428571429000 
8612.228571428571429000 
8612.228571428571429000 
8612.228571428571429000 
8612.228571428571429000 
9705.053571428571429000 
9705.053571428571429000 
9705.053571428571429000 
9705.053571428571429000 
-969.460317460317460300 
-969.460317460317460300 
-969.460317460317460300 
24481.053571428571430000 
24481.053571428571430000 
117334.428571428571400000 
0.000000000000000000 
.066666666666666667 
.133333333333333333 
.133333333333333333 
40.076190476190476190 
22.933333333333333330 
17.847619047619047620 
22.933333333333333330 
17.895238095238095240 
17.809523809523809520 
1079.521428571428571000 
1550.942857142857143000 
1240.402380952380952000 
978.128571428571428600 
1550.942857142857143000 
1258.219047619047619000 
994.828571428571428600 
1232.766666666666667000 
982.900000000000000000 
966.200000000000000000 
801396.200000000000000000 
317154.688888888888900000 
119143.888888888888900000 
43244.339682539682540000 
18373.946031746031750000 
317154.688888888888900000 
121200.624603174603200000 
45229.363492063492060000 
20020.296031746031750000 
118534.485714285714300000 
44303.019047619047620000 
19529.457142857142860000 
42317.995238095238100000 
18469.957142857142860000 
17207.800000000000000000 
228079.926984126984100000 
1705483.342857142857000000 
545207.341269841269800000 
116297.842857142857100000 
388.971428571428571400 
-19867.400000000000000000 
1705483.342857142857000000 
1234069.577777777778000000 
417688.920634920634900000 
114835.136507936507900000 
30747.406349206349210000 
388647.742063492063500000 
312006.334920634920600000 
96211.276984126984130000 
25544.149206349206350000 
10615.257142857142860000 
39492.438095238095240000 
7061.171428571428571000 
-58168.752380952380950000 
-23991.971428571428570000 
-56123.800000000000000000 
0.000000000000000000 
.200000000000000000 
.133333333333333333 
.133333333333333333 
18.114285714285714290 
36.742857142857142860 
37.314285714285714290 
20.457142857142857140 
25.266666666666666670 
17.809523809523809520 
6501.050000000000000000 
4514.314285714285714000 
4422.311904761904762000 
4345.842857142857143000 
3235.380952380952381000 
2860.828571428571429000 
2820.809523809523810000 
1675.233333333333333000 
1671.500000000000000000 
966.200000000000000000 
317154.688888888888900000 
625196.619047619047600000 
445594.777777777777800000 
253218.746031746031700000 
151853.482539682539700000 
175284.961904761904800000 
249599.927777777777800000 
167919.731746031746000000 
108812.303968253968300000 
81517.666666666666670000 
91680.409523809523810000 
66300.809523809523810000 
35706.957142857142860000 
35711.071428571428570000 
17207.800000000000000000 
304530.825396825396800000 
1037151.492063492063000000 
1166517.353968253968000000 
436582.094285714285700000 
-33115.085714285714290000 
-195758.600000000000000000 
780553.234920634920600000 
1670431.038095238095000000 
1223492.652698412698000000 
558455.206349206349200000 
224521.507936507936500000 
251289.445238095238100000 
416273.706984126984100000 
243976.942063492063500000 
93856.107936507936510000 
18833.904761904761900000 
32427.047619047619050000 
-2538.180952380952381000 
-48327.571428571428570000 
-48331.514285714285710000 
-56123.800000000000000000 
0.000000000000000000 
.066666666666666667 
.133333333333333333 
.133333333333333333 
39.742857142857142860 
23.000000000000000000 
18.314285714285714290 
22.833333333333333330 
18.195238095238095240 
17.809523809523809520 
1915.596428571428571000 
4227.317857142857143000 
5432.727380952380952000 
6574.753571428571429000 
1961.476190476190476000 
2766.685714285714286000 
3208.761904761904762000 
1415.816666666666667000 
1609.750000000000000000 
966.200000000000000000 
119143.888888888888900000 
445594.777777777777800000 
699599.177777777777800000 
672982.650793650793600000 
578504.746031746031700000 
89406.002777777777780000 
240770.638492063492100000 
306239.149603174603200000 
294133.671031746031700000 
56050.619047619047620000 
112831.219047619047600000 
128596.190476190476200000 
31508.278571428571430000 
49387.107142857142860000 
17207.800000000000000000 
215804.718650793650800000 
854698.023412698412700000 
1328602.342936507937000000 
873823.897857142857100000 
-134426.568571428571400000 
-809792.900000000000000000 
375493.320634920634900000 
1296732.595555555556000000 
1818031.258412698413000000 
1399610.198730158730000000 
868862.606349206349200000 
165868.654841269841300000 
408015.167698412698400000 
397992.884206349206300000 
240316.774206349206300000 
22759.123809523809520000 
28021.638095238095240000 
-13236.761904761904760000 
-42462.135714285714290000 
-68087.821428571428570000 
-56123.800000000000000000 
0.000000000000000000 
.200000000000000000 
.133333333333333333 
.133333333333333333 
18.161904761904761900 
37.266666666666666670 
37.647619047619047620 
20.385714285714285710 
25.480952380952380950 
17.809523809523809520 
194.425000000000000000 
417.475000000000000000 
513.008333333333333300 
544.325000000000000000 
712.666666666666666700 
1271.400000000000000000 
1362.666666666666667000 
965.983333333333333300 
1279.250000000000000000 
966.200000000000000000 
43244.339682539682540000 
253218.746031746031700000 
672982.650793650793600000 
1097816.269841269841000000 
1313519.800000000000000000 
45837.142460317460320000 
191923.354365079365100000 
387585.106746031746000000 
514150.925000000000000000 
40140.857142857142860000 
120105.076190476190500000 
183128.000000000000000000 
29065.730952380952380000 
58874.750000000000000000 
17207.800000000000000000 
136123.851190476190500000 
706075.136904761904800000 
1475764.015476190476000000 
1324830.200238095238000000 
-253785.557142857142900000 
-1918110.433333333333000000 
203549.936507936507900000 
921521.206349206349200000 
1868601.398730158730000000 
2242751.168253968254000000 
2032453.400000000000000000 
121334.317063492063500000 
368255.928015873015900000 
488708.024206349206300000 
422206.225000000000000000 
25127.428571428571430000 
24691.238095238095240000 
-23674.800000000000000000 
-39268.559523809523810000 
-81988.550000000000000000 
-56123.800000000000000000 
0.000000000000000000 
-.100000000000000000 
-.366666666666666667 
.133333333333333333 
15.457142857142857140 
67.171428571428571430 
127.657142857142857100 
16.814285714285714290 
36.395238095238095240 
17.809523809523809520 
-230.925000000000000000 
-1829.075000000000000000 
-5669.091666666666667000 
-9542.675000000000000000 
140.133333333333333300 
-65.733333333333333330 
-499.266666666666666700 
658.933333333333333300 
1024.400000000000000000 
966.200000000000000000 
18373.946031746031750000 
151853.482539682539700000 
578504.746031746031700000 
1313519.800000000000000000 
1946129.231746031746000000 
27887.357539682539680000 
157157.785317460317500000 
417362.270238095238100000 
657855.385317460317500000 
32505.771428571428570000 
121699.828571428571400000 
214311.171428571428600000 
27950.400000000000000000 
63732.742857142857140000 
17207.800000000000000000 
95795.899206349206350000 
605536.108730158730200000 
1542437.856349206349000000 
1668827.830952380952000000 
-316313.961904761904800000 
-2894695.733333333333000000 
140355.406349206349200000 
725324.707936507936500000 
1756806.206349206349000000 
2672642.600000000000000000 
3064953.549206349206000000 
102546.282936507936500000 
340571.888492063492100000 
522919.722619047619000000 
543015.488492063492100000 
26402.685714285714290000 
22744.914285714285710000 
-30209.114285714285710000 
-37885.800000000000000000 
-89160.828571428571430000 
-56123.800000000000000000 
0.000000000000000000 
.200000000000000000 
.133333333333333333 
.133333333333333333 
18.114285714285714290 
22.085714285714285710 
20.921428571428571430 
42.442857142857142860 
36.195238095238095240 
45.130952380952380950 
6501.050000000000000000 
3281.057142857142857000 
1860.097619047619048000 
1327.435714285714286000 
4879.723809523809524000 
3885.714285714285714000 
3321.702380952380952000 
5262.333333333333333000 
4695.500000000000000000 
5489.150000000000000000 
317154.688888888888900000 
175284.961904761904800000 
89406.002777777777780000 
45837.142460317460320000 
27887.357539682539680000 
737674.533333333333300000 
351368.149206349206300000 
166703.303174603174600000 
94210.353968253968250000 
539474.663095238095200000 
255356.005952380952400000 
143620.934523809523800000 
311080.428571428571400000 
173789.071428571428600000 
187329.850000000000000000 
304530.825396825396800000 
774721.456349206349200000 
445885.489682539682500000 
170831.428571428571400000 
44637.164285714285710000 
1377.821428571428571000 
1095469.277777777778000000 
1830571.452380952381000000 
811783.230555555555600000 
259110.367063492063500000 
65125.418650793650790000 
1132061.723809523810000000 
1251145.484126984127000000 
497932.763492063492100000 
165650.507936507936500000 
123355.236904761904800000 
287725.694047619047600000 
74168.394047619047620000 
-424081.835714285714300000 
-229513.278571428571400000 
-596895.678571428571400000 
0.000000000000000000 
.066666666666666667 
.133333333333333333 
.133333333333333333 
45.142857142857142860 
39.114285714285714290 
45.121428571428571430 
39.161904761904761900 
45.323809523809523810 
45.130952380952380950 
4721.057142857142857000 
6937.121428571428571000 
5999.759523809523810000 
5072.364285714285714000 
7584.504761904761905000 
7620.342857142857143000 
7693.997619047619048000 
6779.366666666666667000 
6965.200000000000000000 
5489.150000000000000000 
121200.624603174603200000 
249599.927777777777800000 
240770.638492063492100000 
191923.354365079365100000 
157157.785317460317500000 
351368.149206349206300000 
623040.120634920634900000 
536815.617460317460300000 
433078.560317460317500000 
350219.251190476190500000 
480024.436904761904800000 
429515.079761904761900000 
263151.157142857142900000 
308918.371428571428600000 
187329.850000000000000000 
220565.472222222222200000 
583161.912698412698400000 
660772.293650793650800000 
410213.807142857142900000 
115973.750000000000000000 
-52055.678571428571430000 
720077.542063492063500000 
1660319.848412698413000000 
1520349.394841269841000000 
674690.040873015873000000 
109043.952777777777800000 
767881.484126984127000000 
1439346.898412698413000000 
974203.634920634920600000 
389199.706349206349200000 
169510.934523809523800000 
241656.748809523809500000 
-5338.579761904761905000 
-354884.578571428571400000 
-419744.050000000000000000 
-596895.678571428571400000 
0.000000000000000000 
.200000000000000000 
.133333333333333333 
.133333333333333333 
17.947619047619047620 
22.252380952380952380 
21.254761904761904760 
42.371428571428571430 
36.409523809523809520 
45.130952380952380950 
1551.764285714285714000 
4868.092857142857143000 
8118.311904761904762000 
9262.614285714285714000 
3276.509523809523810000 
5488.928571428571429000 
6528.130952380952381000 
4944.833333333333333000 
5648.000000000000000000 
5489.150000000000000000 
45229.363492063492060000 
167919.731746031746000000 
306239.149603174603200000 
387585.106746031746000000 
417362.270238095238100000 
166703.303174603174600000 
536815.617460317460300000 
880811.279365079365100000 
1021447.695238095238000000 
235014.603571428571400000 
559816.065476190476200000 
752541.053571428571400000 
234810.309523809523800000 
402599.428571428571400000 
187329.850000000000000000 
139581.797619047619000000 
487478.142857142857100000 
747190.676190476190500000 
602654.392857142857100000 
159442.330952380952400000 
-211659.678571428571400000 
485729.841269841269800000 
1473563.349206349206000000 
1893851.988492063492000000 
1110536.688492063492000000 
87214.315476190476190000 
580146.692063492063500000 
1375253.706349206349000000 
1372040.430158730159000000 
786191.619047619047600000 
195987.486904761904800000 
215093.444047619047600000 
-71096.105952380952380000 
-315990.930952380952400000 
-553785.992857142857100000 
-596895.678571428571400000 
0.000000000000000000 
.200000000000000000 
.533333333333333333 
.133333333333333333 
3.071428571428571429 
-6.928571428571428571 
-27.250000000000000000 
33.357142857142857140 
64.166666666666666670 
45.130952380952380950 
442.435714285714285700 
2377.364285714285714000 
6835.947619047619048000 
11344.364285714285710000 
995.347619047619047600 
1330.680952380952381000 
1308.597619047619048000 
3183.133333333333333000 
4112.300000000000000000 
5489.150000000000000000 
20020.296031746031750000 
108812.303968253968300000 
294133.671031746031700000 
514150.925000000000000000 
657855.385317460317500000 
94210.353968253968250000 
433078.560317460317500000 
1021447.695238095238000000 
1522254.060317460317000000 
180715.896428571428600000 
578701.753571428571400000 
953755.146428571428600000 
221713.200000000000000000 
450549.271428571428600000 
187329.850000000000000000 
98560.277777777777780000 
424687.480158730158700000 
793510.599206349206300000 
731345.452380952381000000 
161300.916666666666700000 
-382618.511904761904800000 
375770.899206349206300000 
1349083.129365079365000000 
2065079.524206349206000000 
1375328.317857142857000000 
34492.238492063492060000 
500929.436507936507900000 
1306399.349206349206000000 
1532540.190476190476000000 
1159377.706349206349000000 
209619.946428571428600000 
201374.232142857142900000 
-111165.446428571428600000 
-298705.607142857142900000 
-623002.964285714285700000 
-596895.678571428571400000 
0.000000000000000000 
.066666666666666667 
.133333333333333333 
.133333333333333333 
38.142857142857142860 
18.047619047619047620 
9.971428571428571429 
18.261904761904761900 
10.423809523809523810 
10.380952380952380950 
1084.348809523809524000 
834.879761904761904800 
678.495634920634920600 
611.305952380952381000 
3748.104761904761905000 
3163.053968253968254000 
2949.847619047619048000 
6247.327777777777778000 
6426.550000000000000000 
9243.133333333333333000 
118534.485714285714300000 
81517.666666666666670000 
56050.619047619047620000 
40140.857142857142860000 
32505.771428571428570000 
539474.663095238095200000 
350219.251190476190500000 
235014.603571428571400000 
180715.896428571428600000 
971100.942857142857100000 
612786.961904761904800000 
448826.771428571428600000 
993998.640476190476200000 
714432.688095238095200000 
897946.866666666666700000 
214394.125000000000000000 
354298.982142857142900000 
278502.646428571428600000 
165366.532142857142900000 
81523.200000000000000000 
40665.571428571428570000 
970419.314285714285700000 
1466330.876190476190000000 
992637.180952380952400000 
502606.971428571428600000 
249989.600000000000000000 
1512797.586904761905000000 
2089751.484523809524000000 
1170160.432142857143000000 
571850.053571428571400000 
543829.142857142857100000 
911961.857142857142900000 
373304.028571428571400000 
-1347486.511904761905000000 
-954764.816666666666700000 
-2813199.095238095238000000 
0.000000000000000000 
.200000000000000000 
.133333333333333333 
.133333333333333333 
18.047619047619047620 
40.885714285714285710 
42.104761904761904760 
14.671428571428571430 
22.509523809523809520 
10.380952380952380950 
918.339285714285714300 
1250.884523809523810000 
1324.192460317460317000 
1308.305952380952381000 
4133.720634920634921000 
4818.739682539682540000 
4782.025396825396825000 
7631.005555555555556000 
7451.783333333333333000 
9243.133333333333333000 
44303.019047619047620000 
91680.409523809523810000 
112831.219047619047600000 
120105.076190476190500000 
121699.828571428571400000 
255356.005952380952400000 
480024.436904761904800000 
559816.065476190476200000 
578701.753571428571400000 
612786.961904761904800000 
998054.657142857142900000 
1094630.561904761905000000 
852589.692857142857100000 
1132155.645238095238000000 
897946.866666666666700000 
137968.089285714285700000 
303255.517857142857100000 
348333.767857142857100000 
278708.034523809523800000 
164099.047619047619000000 
82526.238095238095240000 
697527.352380952381000000 
1380134.304761904762000000 
1362630.552380952381000000 
871027.352380952381000000 
435435.257142857142900000 
1269082.672619047619000000 
2129943.070238095238000000 
1611719.827380952381000000 
772215.910714285714300000 
671077.095238095238100000 
782508.019047619047600000 
122256.752380952381000000 
-1147858.564285714286000000 
-1540580.259523809524000000 
-2813199.095238095238000000 
0.000000000000000000 
-.033333333333333333 
-.166666666666666667 
.133333333333333333 
9.971428571428571429 
42.104761904761904760 
78.400000000000000000 
11.890476190476190480 
27.566666666666666670 
10.380952380952380950 
243.577380952380952400 
570.122619047619047600 
1055.283730158730159000 
1362.055952380952381000 
1493.847619047619048000 
2355.358730158730159000 
3553.247619047619048000 
4440.644444444444444000 
4082.200000000000000000 
9243.133333333333333000 
19529.457142857142860000 
66300.809523809523810000 
128596.190476190476200000 
183128.000000000000000000 
214311.171428571428600000 
143620.934523809523800000 
429515.079761904761900000 
752541.053571428571400000 
953755.146428571428600000 
448826.771428571428600000 
1094630.561904761905000000 
1599611.371428571429000000 
786763.133333333333300000 
1345895.038095238095000000 
897946.866666666666700000 
97734.250000000000000000 
271635.535714285714300000 
377199.721428571428600000 
332414.035714285714300000 
204932.900000000000000000 
103995.071428571428600000 
553941.971428571428600000 
1322103.990476190476000000 
1535671.638095238095000000 
1050625.942857142857000000 
526739.685714285714300000 
1142814.572619047619000000 
2148272.613095238095000000 
1828088.882142857143000000 
865343.803571428571400000 
734631.171428571428600000 
724468.657142857142900000 
-13472.971428571428570000 
-1057845.890476190476000000 
-1843289.280952380952000000 
-2813199.095238095238000000 
0.000000000000000000 
.200000000000000000 
.133333333333333333 
.133333333333333333 
18.261904761904761900 
14.100000000000000000 
11.997619047619047620 
55.385714285714285710 
42.580952380952380950 
60.559523809523809520 
-439.000000000000000000 
-350.300000000000000000 
-303.166666666666666700 
-283.200000000000000000 
-2229.366666666666667000 
-1789.966666666666667000 
-1599.216666666666667000 
-4716.966666666666667000 
-3971.800000000000000000 
-6029.950000000000000000 
42317.995238095238100000 
35706.957142857142860000 
31508.278571428571430000 
29065.730952380952380000 
27950.400000000000000000 
311080.428571428571400000 
263151.157142857142900000 
234810.309523809523800000 
221713.200000000000000000 
993998.640476190476200000 
852589.692857142857100000 
786763.133333333333300000 
1872211.514285714286000000 
1683429.466666666667000000 
2501492.866666666667000000 
134510.142857142857100000 
169622.095238095238100000 
158820.857142857142900000 
128588.028571428571400000 
98070.809523809523810000 
79736.000000000000000000 
838023.947619047619000000 
1032111.328571428571000000 
902524.064285714285700000 
687438.840476190476200000 
541718.400000000000000000 
1932375.714285714286000000 
2315922.528571428571000000 
1843408.404761904762000000 
1391241.000000000000000000 
1378932.178571428571000000 
1710461.888095238095000000 
1140631.800000000000000000 
-2530803.742857142857000000 
-2267295.866666666667000000 
-7747487.666666666667000000 
0.000000000000000000 
.133333333333333333 
.333333333333333333 
.133333333333333333 
9.923809523809523810 
22.438095238095238100 
28.673809523809523810 
42.580952380952380950 
80.995238095238095240 
60.559523809523809520 
-194.500000000000000000 
-431.800000000000000000 
-602.000000000000000000 
-690.700000000000000000 
-1369.866666666666667000 
-2649.466666666666667000 
-3318.216666666666667000 
-3971.800000000000000000 
-6207.300000000000000000 
-6029.950000000000000000 
18469.957142857142860000 
35711.071428571428570000 
49387.107142857142860000 
58874.750000000000000000 
63732.742857142857140000 
173789.071428571428600000 
308918.371428571428600000 
402599.428571428571400000 
450549.271428571428600000 
714432.688095238095200000 
1132155.645238095238000000 
1345895.038095238095000000 
1683429.466666666667000000 
2249775.609523809524000000 
2501492.866666666667000000 
95959.904761904761900000 
161144.047619047619000000 
176474.161904761904800000 
164899.047619047619000000 
145604.304761904761900000 
132362.333333333333300000 
674708.328571428571400000 
1030260.585714285714000000 
1028249.578571428571000000 
892046.050000000000000000 
782064.971428571428600000 
1773511.185714285714000000 
2368026.285714285714000000 
2040413.114285714286000000 
1651759.785714285714000000 
1551594.969047619048000000 
1537799.097619047619000000 
795306.219047619047600000 
-2267295.866666666667000000 
-3057819.495238095238000000 
-7747487.666666666667000000 
0.000000000000000000 
-.466666666666666667 
-.466666666666666667 
-1.866666666666666667 
27.666666666666666670 
27.666666666666666670 
27.666666666666666670 
168.666666666666666700 
168.666666666666666700 
425.666666666666666700 
-705.850000000000000000 
-705.850000000000000000 
-705.850000000000000000 
-705.850000000000000000 
-5918.866666666666667000 
-5918.866666666666667000 
-5918.866666666666667000 
-21403.200000000000000000 
-21403.200000000000000000 
-43636.600000000000000000 
17207.800000000000000000 
17207.800000000000000000 
17207.800000000000000000 
17207.800000000000000000 
17207.800000000000000000 
187329.850000000000000000 
187329.850000000000000000 
187329.850000000000000000 
187329.850000000000000000 
897946.866666666666700000 
897946.866666666666700000 
897946.866666666666700000 
2501492.866666666667000000 
2501492.866666666667000000 
4491532.266666666667000000 
93835.833333333333330000 
93835.833333333333330000 
93835.833333333333330000 
93835.833333333333330000 
93835.833333333333330000 
93835.833333333333330000 
741357.800000000000000000 
741357.800000000000000000 
741357.800000000000000000 
741357.800000000000000000 
741357.800000000000000000 
2216669.750000000000000000 
2216669.750000000000000000 
2216669.750000000000000000 
2216669.750000000000000000 
2289596.333333333333000000 
2289596.333333333333000000 
2289596.333333333333000000 
-3380722.166666666667000000 
-3380722.166666666667000000 
-13818394.666666666670000000 
0.000000000000000000 
.142857142857142857 
.095238095238095238 
.095238095238095238 
12.142857142857142860 
20.071428571428571430 
19.875000000000000000 
20.071428571428571430 
19.904761904761904760 
19.851190476190476190 
8646.297619047619048000 
4252.095238095238095000 
2585.603174603174603000 
1975.543650793650794000 
4252.095238095238095000 
2598.992063492063492000 
1991.474206349206349000 
2579.865079365079365000 
1980.095238095238095000 
1964.164682539682540000 
228079.926984126984100000 
304530.825396825396800000 
215804.718650793650800000 
136123.851190476190500000 
95795.899206349206350000 
304530.825396825396800000 
220565.472222222222200000 
139581.797619047619000000 
98560.277777777777780000 
214394.125000000000000000 
137968.089285714285700000 
97734.250000000000000000 
134510.142857142857100000 
95959.904761904761900000 
93835.833333333333330000 
262609763.857142857100000000 
100414355.141414141400000000 
36473610.051948051950000000 
12554737.424242424240000000 
4196289.655122655123000000 
1657257.233766233766000000 
100414355.141414141400000000 
36993470.140836940840000000 
12992085.410353535350000000 
4485618.781709956710000000 
1865701.896464646465000000 
36355460.031746031750000000 
12838729.623015873020000000 
4437576.440476190476000000 
1841770.484126984127000000 
12401381.636904761900000000 
4296067.704365079365000000 
1769157.178571428571000000 
4047892.714285714286000000 
1641828.666666666667000000 
1505997.309523809524000000 
0.000000000000000000 
.047619047619047619 
.095238095238095238 
.095238095238095238 
42.238095238095238100 
32.785714285714285710 
36.041666666666666670 
26.059523809523809520 
26.011904761904761900 
19.851190476190476190 
4074.392857142857143000 
7969.055555555555556000 
7551.515873015873016000 
7026.734126984126984000 
3655.925925925925926000 
4749.515873015873016000 
4712.090608465608466000 
2677.908730158730159000 
3005.956349206349206000 
1964.164682539682540000 
1705483.342857142857000000 
1037151.492063492063000000 
854698.023412698412700000 
706075.136904761904800000 
605536.108730158730200000 
774721.456349206349200000 
583161.912698412698400000 
487478.142857142857100000 
424687.480158730158700000 
354298.982142857142900000 
303255.517857142857100000 
271635.535714285714300000 
169622.095238095238100000 
161144.047619047619000000 
93835.833333333333330000 
100414355.141414141400000000 
192640076.855699855700000000 
130955848.777777777800000000 
69049989.512265512270000000 
32492820.090909090910000000 
17099489.274170274170000000 
51613818.316017316020000000 
73869064.926984126980000000 
46531733.180916305920000000 
24017548.515909090910000000 
13466608.762265512270000000 
22483991.162698412700000000 
25752943.325396825400000000 
15292718.047619047620000000 
8980502.567460317460000000 
9045860.811507936508000000 
8440525.005952380952000000 
5483613.734126984127000000 
3472285.333333333333000000 
2992375.380952380952000000 
1505997.309523809524000000 
0.000000000000000000 
.142857142857142857 
.095238095238095238 
.095238095238095238 
12.057142857142857140 
20.328571428571428570 
20.175000000000000000 
20.007142857142857140 
20.097619047619047620 
19.851190476190476190 
9194.026190476190476000 
6916.209523809523810000 
7490.307936507936508000 
7720.043650793650794000 
4664.809523809523810000 
4133.763492063492063000 
4267.974206349206349000 
2767.148412698412698000 
2627.845238095238095000 
1964.164682539682540000 
545207.341269841269800000 
1166517.353968253968000000 
1328602.342936507937000000 
1475764.015476190476000000 
1542437.856349206349000000 
445885.489682539682500000 
660772.293650793650800000 
747190.676190476190500000 
793510.599206349206300000 
278502.646428571428600000 
348333.767857142857100000 
377199.721428571428600000 
158820.857142857142900000 
176474.161904761904800000 
93835.833333333333330000 
36473610.051948051950000000 
130955848.777777777800000000 
193047280.189610389600000000 
167575785.606060606100000000 
116243430.740836940800000000 
82326639.233766233770000000 
24083257.306349206350000000 
64701403.435642135640000000 
77329309.430743145740000000 
62427970.445995671000000000 
47803952.967893217890000000 
13452198.081746031750000000 
27550425.058730158730000000 
28222921.704761904760000000 
23652746.019841269840000000 
6673269.172619047619000000 
10734665.968650793650000000 
10529850.564285714290000000 
3097346.228571428571000000 
4154841.838095238095000000 
1505997.309523809524000000 
0.000000000000000000 
.047619047619047619 
.095238095238095238 
.095238095238095238 
42.071428571428571430 
32.819047619047619050 
36.275000000000000000 
26.009523809523809520 
26.161904761904761900 
19.851190476190476190 
3334.403968253968254000 
5937.055555555555556000 
4335.730687830687831000 
2759.234126984126984000 
3266.566666666666667000 
3624.164021164021164000 
3078.198015873015873000 
2509.973544973544974000 
2568.961904761904762000 
1964.164682539682540000 
116297.842857142857100000 
436582.094285714285700000 
873823.897857142857100000 
1324830.200238095238000000 
1668827.830952380952000000 
170831.428571428571400000 
410213.807142857142900000 
602654.392857142857100000 
731345.452380952381000000 
165366.532142857142900000 
278708.034523809523800000 
332414.035714285714300000 
128588.028571428571400000 
164899.047619047619000000 
93835.833333333333330000 
12554737.424242424240000000 
69049989.512265512270000000 
167575785.606060606100000000 
243017974.253679653700000000 
255715436.434343434300000000 
241446249.051948051900000000 
10845277.828138528140000000 
44572968.157489177490000000 
85149142.630108225110000000 
106059110.667121212100000000 
108578911.173376623400000000 
7933566.590476190476000000 
24547236.430952380950000000 
38186765.197619047620000000 
43200024.928571428570000000 
5033687.705952380952000000 
11900098.044841269840000000 
15604484.478571428570000000 
2865115.400000000000000000 
5077261.180952380952000000 
1505997.309523809524000000 
0.000000000000000000 
.142857142857142857 
.095238095238095238 
.095238095238095238 
11.884523809523809520 
20.263095238095238100 
20.341666666666666670 
19.971428571428571430 
20.204761904761904760 
19.851190476190476190 
1458.403174603174603000 
5450.161904761904762000 
9505.921693121693122000 
10912.126984126984130000 
1878.146164021164021000 
4215.585582010582011000 
5533.066798941798942000 
2087.194708994708995000 
2987.706349206349206000 
1964.164682539682540000 
388.971428571428571400 
-33115.085714285714290000 
-134426.568571428571400000 
-253785.557142857142900000 
-316313.961904761904800000 
44637.164285714285710000 
115973.750000000000000000 
159442.330952380952400000 
161300.916666666666700000 
81523.200000000000000000 
164099.047619047619000000 
204932.900000000000000000 
98070.809523809523810000 
145604.304761904761900000 
93835.833333333333330000 
4196289.655122655123000000 
32492820.090909090910000000 
116243430.740836940800000000 
255715436.434343434300000000 
395968826.717748917700000000 
476703192.516594516600000000 
4907160.424242424242000000 
28300129.118614718610000000 
78222245.605454545450000000 
137921378.608225108200000000 
176993008.218181818200000000 
4843707.359523809524000000 
20725237.078571428570000000 
44138657.907142857140000000 
61398336.178571428570000000 
3993556.317460317460000000 
12427592.990476190480000000 
19633070.084126984130000000 
2733304.847619047619000000 
5717280.266666666667000000 
1505997.309523809524000000 
0.000000000000000000 
.190476190476190476 
.523809523809523810 
.095238095238095238 
-7.875000000000000000 
-45.291666666666666670 
-92.625000000000000000 
7.952380952380952381 
8.119047619047619048 
19.851190476190476190 
1096.396825396825397000 
6802.174603174603175000 
19246.767195767195770000 
31270.841269841269840000 
1402.271825396825397000 
5044.947751322751323000 
8942.799603174603175000 
1784.005291005291005000 
3407.690476190476190000 
1964.164682539682540000 
-19867.400000000000000000 
-195758.600000000000000000 
-809792.900000000000000000 
-1918110.433333333333000000 
-2894695.733333333333000000 
1377.821428571428571000 
-52055.678571428571430000 
-211659.678571428571400000 
-382618.511904761904800000 
40665.571428571428570000 
82526.238095238095240000 
103995.071428571428600000 
79736.000000000000000000 
132362.333333333333300000 
93835.833333333333330000 
1657257.233766233766000000 
17099489.274170274170000000 
82326639.233766233770000000 
241446249.051948051900000000 
476703192.516594516600000000 
663481376.385281385300000000 
2677286.270995670996000000 
19882925.252813852810000000 
70486635.104329004330000000 
153011307.813419913400000000 
221844617.937662337700000000 
3468619.083333333333000000 
18323479.916666666670000000 
46740886.583333333330000000 
72258664.750000000000000000 
3486823.000000000000000000 
12619539.222222222220000000 
21847650.833333333330000000 
2674243.428571428571000000 
6045013.095238095238000000 
1505997.309523809524000000 
0.000000000000000000 
.047619047619047619 
.095238095238095238 
.095238095238095238 
42.238095238095238100 
26.866666666666666670 
22.723809523809523810 
34.938095238095238100 
34.890476190476190480 
42.047619047619047620 
4074.392857142857143000 
3902.390476190476190000 
3096.908730158730159000 
2593.585714285714286000 
9078.146031746031746000 
6531.358730158730159000 
5450.174603174603175000 
8914.358730158730159000 
7441.095238095238095000 
8612.228571428571429000 
1705483.342857142857000000 
780553.234920634920600000 
375493.320634920634900000 
203549.936507936507900000 
140355.406349206349200000 
1095469.277777777778000000 
720077.542063492063500000 
485729.841269841269800000 
375770.899206349206300000 
970419.314285714285700000 
697527.352380952381000000 
553941.971428571428600000 
838023.947619047619000000 
674708.328571428571400000 
741357.800000000000000000 
100414355.141414141400000000 
51613818.316017316020000000 
24083257.306349206350000000 
10845277.828138528140000000 
4907160.424242424242000000 
2677286.270995670996000000 
220845328.563636363600000000 
97618529.698412698410000000 
41372325.464646464650000000 
17556860.478210678210000000 
9021791.064646464646000000 
153106047.405555555600000000 
65077798.212698412700000000 
27614666.575396825400000000 
14176923.598412698410000000 
81621157.190476190480000000 
34625236.580952380950000000 
17682093.076190476190000000 
38460020.009523809520000000 
19459076.600000000000000000 
19948779.228571428570000000 
0.000000000000000000 
.142857142857142857 
.095238095238095238 
.095238095238095238 
25.257142857142857140 
42.171428571428571430 
42.057142857142857140 
42.242857142857142860 
42.176190476190476190 
42.047619047619047620 
10172.083333333333330000 
8320.961904761904762000 
8495.297619047619048000 
8472.347619047619048000 
8821.273015873015873000 
10576.358730158730160000 
10834.358730158730160000 
8972.676190476190476000 
10059.628571428571430000 
8612.228571428571429000 
1234069.577777777778000000 
1670431.038095238095000000 
1296732.595555555556000000 
921521.206349206349200000 
725324.707936507936500000 
1830571.452380952381000000 
1660319.848412698413000000 
1473563.349206349206000000 
1349083.129365079365000000 
1466330.876190476190000000 
1380134.304761904762000000 
1322103.990476190476000000 
1032111.328571428571000000 
1030260.585714285714000000 
741357.800000000000000000 
36993470.140836940840000000 
73869064.926984126980000000 
64701403.435642135640000000 
44572968.157489177490000000 
28300129.118614718610000000 
19882925.252813852810000000 
97618529.698412698410000000 
168624080.380086580100000000 
129124900.206695526700000000 
81916576.893217893220000000 
55621085.049639249640000000 
87474746.454761904760000000 
117570987.391111111100000000 
85596228.634126984130000000 
60944537.858730158730000000 
57713195.800000000000000000 
63236697.361904761900000000 
49633236.314285714290000000 
33195962.028571428570000000 
33199098.314285714290000000 
19948779.228571428570000000 
0.000000000000000000 
.047619047619047619 
.095238095238095238 
.095238095238095238 
42.071428571428571430 
26.900000000000000000 
22.957142857142857140 
34.888095238095238100 
35.040476190476190480 
42.047619047619047620 
5253.751190476190476000 
7595.982142857142857000 
8921.239285714285714000 
10365.127380952380950000 
9627.046031746031746000 
8632.836507936507936000 
8574.474603174603175000 
9156.947619047619048000 
8359.728571428571429000 
8612.228571428571429000 
417688.920634920634900000 
1223492.652698412698000000 
1818031.258412698413000000 
1868601.398730158730000000 
1756806.206349206349000000 
811783.230555555555600000 
1520349.394841269841000000 
1893851.988492063492000000 
2065079.524206349206000000 
992637.180952380952400000 
1362630.552380952381000000 
1535671.638095238095000000 
902524.064285714285700000 
1028249.578571428571000000 
741357.800000000000000000 
12992085.410353535350000000 
46531733.180916305920000000 
77329309.430743145740000000 
85149142.630108225110000000 
78222245.605454545450000000 
70486635.104329004330000000 
41372325.464646464650000000 
129124900.206695526700000000 
190696250.583838383800000000 
191219309.257200577200000000 
174341665.464646464600000000 
48828431.146111111110000000 
116453962.473253968300000000 
146234372.954841269800000000 
145180372.973412698400000000 
41615212.657142857140000000 
77375237.047619047620000000 
88440622.342857142860000000 
29849211.392857142860000000 
44094430.450000000000000000 
19948779.228571428570000000 
0.000000000000000000 
.142857142857142857 
.095238095238095238 
.095238095238095238 
25.280952380952380950 
42.433333333333333330 
42.223809523809523810 
42.207142857142857140 
42.283333333333333330 
42.047619047619047620 
1406.541666666666667000 
2663.063095238095238000 
3047.593253968253968000 
3103.746428571428571000 
5309.693650793650794000 
8408.557142857142857000 
8810.160317460317460000 
7969.953968253968254000 
9539.795238095238095000 
8612.228571428571429000 
114835.136507936507900000 
558455.206349206349200000 
1399610.198730158730000000 
2242751.168253968254000000 
2672642.600000000000000000 
259110.367063492063500000 
674690.040873015873000000 
1110536.688492063492000000 
1375328.317857142857000000 
502606.971428571428600000 
871027.352380952381000000 
1050625.942857142857000000 
687438.840476190476200000 
892046.050000000000000000 
741357.800000000000000000 
4485618.781709956710000000 
24017548.515909090910000000 
62427970.445995671000000000 
106059110.667121212100000000 
137921378.608225108200000000 
153011307.813419913400000000 
17556860.478210678210000000 
81916576.893217893220000000 
191219309.257200577200000000 
295389566.006637806600000000 
350349594.132467532500000000 
28016057.401984126980000000 
99335082.751031746030000000 
185349912.894841269800000000 
239502240.217857142900000000 
31583842.990476190480000000 
83485930.314285714290000000 
121720570.076190476200000000 
27900435.873809523810000000 
51650831.064285714290000000 
19948779.228571428570000000 
0.000000000000000000 
-.071428571428571429 
-.261904761904761905 
.095238095238095238 
13.928571428571428570 
58.985714285714285710 
115.628571428571428600 
16.700000000000000000 
16.604761904761904760 
42.047619047619047620 
411.101190476190476200 
228.098809523809523800 
-2314.636904761904762000 
-5803.825000000000000000 
3545.757142857142857000 
10165.938095238095240000 
16402.000000000000000000 
6744.295238095238095000 
11671.571428571428570000 
8612.228571428571429000 
30747.406349206349210000 
224521.507936507936500000 
868862.606349206349200000 
2032453.400000000000000000 
3064953.549206349206000000 
65125.418650793650790000 
109043.952777777777800000 
87214.315476190476190000 
34492.238492063492060000 
249989.600000000000000000 
435435.257142857142900000 
526739.685714285714300000 
541718.400000000000000000 
782064.971428571428600000 
741357.800000000000000000 
1865701.896464646465000000 
13466608.762265512270000000 
47803952.967893217890000000 
108578911.173376623400000000 
176993008.218181818200000000 
221844617.937662337700000000 
9021791.064646464646000000 
55621085.049639249640000000 
174341665.464646464600000000 
350349594.132467532500000000 
489277419.607503607500000000 
19017377.998015873020000000 
86500294.801984126980000000 
202558154.691666666700000000 
300885601.544841269800000000 
26746207.238095238100000000 
85581597.866666666670000000 
140655770.980952381000000000 
27010013.914285714290000000 
55519269.742857142860000000 
19948779.228571428570000000 
0.000000000000000000 
.142857142857142857 
.095238095238095238 
.095238095238095238 
9.057142857142857143 
15.042857142857142860 
14.960714285714285710 
15.435714285714285710 
15.240476190476190480 
15.208333333333333330 
8971.740476190476190000 
4184.733333333333333000 
2127.169047619047619000 
1385.297619047619048000 
6936.444444444444444000 
4723.430158730158730000 
3805.783730158730159000 
8545.426190476190476000 
7095.178571428571429000 
9705.053571428571429000 
388647.742063492063500000 
251289.445238095238100000 
165868.654841269841300000 
121334.317063492063500000 
102546.282936507936500000 
1132061.723809523810000000 
767881.484126984127000000 
580146.692063492063500000 
500929.436507936507900000 
1512797.586904761905000000 
1269082.672619047619000000 
1142814.572619047619000000 
1932375.714285714286000000 
1773511.185714285714000000 
2216669.750000000000000000 
36355460.031746031750000000 
22483991.162698412700000000 
13452198.081746031750000000 
7933566.590476190476000000 
4843707.359523809524000000 
3468619.083333333333000000 
153106047.405555555600000000 
87474746.454761904760000000 
48828431.146111111110000000 
28016057.401984126980000000 
19017377.998015873020000000 
251785624.419047619000000000 
134006593.339682539700000000 
73154325.641269841270000000 
47620956.730158730160000000 
228929501.303571428600000000 
122699297.294047619000000000 
78505490.260714285710000000 
163587024.121428571400000000 
103456717.278571428600000000 
118494390.250000000000000000 
0.000000000000000000 
.047619047619047619 
.095238095238095238 
.095238095238095238 
42.071428571428571430 
34.057142857142857140 
39.060714285714285710 
24.152380952380952380 
24.304761904761904760 
15.208333333333333330 
4580.733333333333333000 
8045.821428571428571000 
6778.078571428571429000 
5433.416666666666667000 
6021.360317460317460000 
7090.650793650793651000 
7037.213888888888889000 
7575.547619047619048000 
8561.628571428571429000 
9705.053571428571429000 
312006.334920634920600000 
416273.706984126984100000 
408015.167698412698400000 
368255.928015873015900000 
340571.888492063492100000 
1251145.484126984127000000 
1439346.898412698413000000 
1375253.706349206349000000 
1306399.349206349206000000 
2089751.484523809524000000 
2129943.070238095238000000 
2148272.613095238095000000 
2315922.528571428571000000 
2368026.285714285714000000 
2216669.750000000000000000 
12838729.623015873020000000 
25752943.325396825400000000 
27550425.058730158730000000 
24547236.430952380950000000 
20725237.078571428570000000 
18323479.916666666670000000 
65077798.212698412700000000 
117570987.391111111100000000 
116453962.473253968300000000 
99335082.751031746030000000 
86500294.801984126980000000 
134006593.339682539700000000 
208077757.968253968300000000 
192721938.069841269800000000 
169012727.698412698400000000 
157624276.682142857100000000 
203286572.572619047600000000 
192479245.067857142900000000 
142595040.007142857100000000 
162639916.621428571400000000 
118494390.250000000000000000 
0.000000000000000000 
.142857142857142857 
.095238095238095238 
.095238095238095238 
8.973809523809523810 
15.126190476190476190 
15.127380952380952380 
15.400000000000000000 
15.347619047619047620 
15.208333333333333330 
2129.788095238095238000 
6379.459523809523810000 
10775.970634920634920000 
12358.928571428571430000 
4808.448412698412698000 
6851.426190476190476000 
8061.775793650793651000 
8158.620634920634921000 
8255.595238095238095000 
9705.053571428571429000 
96211.276984126984130000 
243976.942063492063500000 
397992.884206349206300000 
488708.024206349206300000 
522919.722619047619000000 
497932.763492063492100000 
974203.634920634920600000 
1372040.430158730159000000 
1532540.190476190476000000 
1170160.432142857143000000 
1611719.827380952381000000 
1828088.882142857143000000 
1843408.404761904762000000 
2040413.114285714286000000 
2216669.750000000000000000 
4437576.440476190476000000 
15292718.047619047620000000 
28222921.704761904760000000 
38186765.197619047620000000 
44138657.907142857140000000 
46740886.583333333330000000 
27614666.575396825400000000 
85596228.634126984130000000 
146234372.954841269800000000 
185349912.894841269800000000 
202558154.691666666700000000 
73154325.641269841270000000 
192721938.069841269800000000 
294242873.688888888900000000 
341197680.380952381000000000 
114251220.839285714300000000 
237377577.758333333300000000 
307862051.189285714300000000 
130182498.930952381000000000 
203670292.850000000000000000 
118494390.250000000000000000 
0.000000000000000000 
.142857142857142857 
.380952380952380952 
.095238095238095238 
-3.964285714285714286 
-23.964285714285714290 
-49.125000000000000000 
6.392857142857142857 
7.154761904761904762 
15.208333333333333330 
984.583333333333333300 
4639.845238095238095000 
11971.309523809523810000 
18918.178571428571430000 
3081.678571428571429000 
7126.059523809523810000 
10114.053571428571430000 
7311.059523809523810000 
12241.464285714285710000 
9705.053571428571429000 
25544.149206349206350000 
93856.107936507936510000 
240316.774206349206300000 
422206.225000000000000000 
543015.488492063492100000 
165650.507936507936500000 
389199.706349206349200000 
786191.619047619047600000 
1159377.706349206349000000 
571850.053571428571400000 
772215.910714285714300000 
865343.803571428571400000 
1391241.000000000000000000 
1651759.785714285714000000 
2216669.750000000000000000 
1841770.484126984127000000 
8980502.567460317460000000 
23652746.019841269840000000 
43200024.928571428570000000 
61398336.178571428570000000 
72258664.750000000000000000 
14176923.598412698410000000 
60944537.858730158730000000 
145180372.973412698400000000 
239502240.217857142900000000 
300885601.544841269800000000 
47620956.730158730160000000 
169012727.698412698400000000 
341197680.380952381000000000 
471615680.698412698400000000 
93629874.684523809520000000 
248716873.255952381000000000 
377741437.934523809500000000 
124446539.892857142900000000 
224670922.964285714300000000 
118494390.250000000000000000 
0.000000000000000000 
.047619047619047619 
.095238095238095238 
.095238095238095238 
42.071428571428571430 
24.690476190476190480 
17.985714285714285710 
38.202380952380952380 
38.354761904761904760 
50.333333333333333330 
2661.386111111111111000 
1509.251984126984127000 
811.212830687830687800 
488.930555555555555600 
6164.404761904761905000 
2634.521164021164021000 
1081.344444444444444000 
2862.473544973544974000 
150.661904761904761900 
-969.460317460317460300 
10615.257142857142860000 
18833.904761904761900000 
22759.123809523809520000 
25127.428571428571430000 
26402.685714285714290000 
123355.236904761904800000 
169510.934523809523800000 
195987.486904761904800000 
209619.946428571428600000 
543829.142857142857100000 
671077.095238095238100000 
734631.171428571428600000 
1378932.178571428571000000 
1551594.969047619048000000 
2289596.333333333333000000 
12401381.636904761900000000 
9045860.811507936508000000 
6673269.172619047619000000 
5033687.705952380952000000 
3993556.317460317460000000 
3486823.000000000000000000 
81621157.190476190480000000 
57713195.800000000000000000 
41615212.657142857140000000 
31583842.990476190480000000 
26746207.238095238100000000 
228929501.303571428600000000 
157624276.682142857100000000 
114251220.839285714300000000 
93629874.684523809520000000 
369355922.523809523800000000 
256988032.269841269800000000 
204587022.942857142900000000 
416844482.607142857100000000 
326190345.788095238100000000 
418428975.666666666700000000 
0.000000000000000000 
.142857142857142857 
.095238095238095238 
.095238095238095238 
30.023809523809523810 
50.109523809523809520 
50.052380952380952380 
50.550000000000000000 
50.397619047619047620 
50.333333333333333330 
754.468650793650793600 
2158.167857142857143000 
2604.641931216931217000 
2675.359126984126984000 
1938.902116402116402000 
5801.761375661375661000 
6522.498941798941799000 
595.094708994708994700 
3306.906349206349206000 
-969.460317460317460300 
39492.438095238095240000 
32427.047619047619050000 
28021.638095238095240000 
24691.238095238095240000 
22744.914285714285710000 
287725.694047619047600000 
241656.748809523809500000 
215093.444047619047600000 
201374.232142857142900000 
911961.857142857142900000 
782508.019047619047600000 
724468.657142857142900000 
1710461.888095238095000000 
1537799.097619047619000000 
2289596.333333333333000000 
4296067.704365079365000000 
8440525.005952380952000000 
10734665.968650793650000000 
11900098.044841269840000000 
12427592.990476190480000000 
12619539.222222222220000000 
34625236.580952380950000000 
63236697.361904761900000000 
77375237.047619047620000000 
83485930.314285714290000000 
85581597.866666666670000000 
122699297.294047619000000000 
203286572.572619047600000000 
237377577.758333333300000000 
248716873.255952381000000000 
256988032.269841269800000000 
374795193.533333333300000000 
413598025.336507936500000000 
370987347.497619047600000000 
461641484.316666666700000000 
418428975.666666666700000000 
0.000000000000000000 
-.023809523809523810 
-.119047619047619048 
.095238095238095238 
9.985714285714285714 
36.719047619047619050 
70.200000000000000000 
19.909523809523809520 
19.604761904761904760 
50.333333333333333330 
530.586111111111111100 
2196.742460317460317000 
4230.932671957671958000 
5513.609126984126984000 
2124.773015873015873000 
8261.546560846560847000 
13675.384126984126980000 
2195.824338624338624000 
7619.447619047619048000 
-969.460317460317460300 
7061.171428571428571000 
-2538.180952380952381000 
-13236.761904761904760000 
-23674.800000000000000000 
-30209.114285714285710000 
74168.394047619047620000 
-5338.579761904761905000 
-71096.105952380952380000 
-111165.446428571428600000 
373304.028571428571400000 
122256.752380952381000000 
-13472.971428571428570000 
1140631.800000000000000000 
795306.219047619047600000 
2289596.333333333333000000 
1769157.178571428571000000 
5483613.734126984127000000 
10529850.564285714290000000 
15604484.478571428570000000 
19633070.084126984130000000 
21847650.833333333330000000 
17682093.076190476190000000 
49633236.314285714290000000 
88440622.342857142860000000 
121720570.076190476200000000 
140655770.980952381000000000 
78505490.260714285710000000 
192479245.067857142900000000 
307862051.189285714300000000 
377741437.934523809500000000 
204587022.942857142900000000 
413598025.336507936500000000 
557711989.276190476200000000 
349648980.042857142900000000 
530957253.680952381000000000 
418428975.666666666700000000 
0.000000000000000000 
.142857142857142857 
.095238095238095238 
.095238095238095238 
-.244047619047619048 
-.075000000000000000 
-.001190476190476190 
.157142857142857143 
.433333333333333333 
.422619047619047619 
1751.800000000000000000 
1442.471428571428571000 
1244.823809523809524000 
1148.571428571428571000 
9012.863095238095238000 
7366.998809523809524000 
6564.563095238095238000 
19186.909523809523810000 
16297.128571428571430000 
24481.053571428571430000 
-58168.752380952380950000 
-48327.571428571428570000 
-42462.135714285714290000 
-39268.559523809523810000 
-37885.800000000000000000 
-424081.835714285714300000 
-354884.578571428571400000 
-315990.930952380952400000 
-298705.607142857142900000 
-1347486.511904761905000000 
-1147858.564285714286000000 
-1057845.890476190476000000 
-2530803.742857142857000000 
-2267295.866666666667000000 
-3380722.166666666667000000 
4047892.714285714286000000 
3472285.333333333333000000 
3097346.228571428571000000 
2865115.400000000000000000 
2733304.847619047619000000 
2674243.428571428571000000 
38460020.009523809520000000 
33195962.028571428570000000 
29849211.392857142860000000 
27900435.873809523810000000 
27010013.914285714290000000 
163587024.121428571400000000 
142595040.007142857100000000 
130182498.930952381000000000 
124446539.892857142900000000 
416844482.607142857100000000 
370987347.497619047600000000 
349648980.042857142900000000 
730297947.057142857200000000 
678667276.780952381000000000 
979995329.595238095200000000 
0.000000000000000000 
.095238095238095238 
.238095238095238095 
.095238095238095238 
.086904761904761905 
-.405952380952380952 
-.663095238095238095 
.433333333333333333 
-.395238095238095238 
.422619047619047619 
839.242857142857142900 
1746.657142857142857000 
2360.171428571428571000 
2669.500000000000000000 
5734.798809523809524000 
10645.063095238095240000 
13120.691666666666670000 
16297.128571428571430000 
24966.471428571428570000 
24481.053571428571430000 
-23991.971428571428570000 
-48331.514285714285710000 
-68087.821428571428570000 
-81988.550000000000000000 
-89160.828571428571430000 
-229513.278571428571400000 
-419744.050000000000000000 
-553785.992857142857100000 
-623002.964285714285700000 
-954764.816666666666700000 
-1540580.259523809524000000 
-1843289.280952380952000000 
-2267295.866666666667000000 
-3057819.495238095238000000 
-3380722.166666666667000000 
1641828.666666666667000000 
2992375.380952380952000000 
4154841.838095238095000000 
5077261.180952380952000000 
5717280.266666666667000000 
6045013.095238095238000000 
19459076.600000000000000000 
33199098.314285714290000000 
44094430.450000000000000000 
51650831.064285714290000000 
55519269.742857142860000000 
103456717.278571428600000000 
162639916.621428571400000000 
203670292.850000000000000000 
224670922.964285714300000000 
326190345.788095238100000000 
461641484.316666666700000000 
530957253.680952381000000000 
678667276.780952381000000000 
833559287.609523809500000000 
979995329.595238095200000000 
0.000000000000000000 
.523809523809523810 
.523809523809523810 
2.095238095238095238 
-35.666666666666666670 
-35.666666666666666670 
-35.666666666666666670 
-216.380952380952381000 
-216.380952380952381000 
-544.523809523809523800 
1978.535714285714286000 
1978.535714285714286000 
1978.535714285714286000 
1978.535714285714286000 
16261.952380952380950000 
16261.952380952380950000 
16261.952380952380950000 
58008.857142857142860000 
58008.857142857142860000 
117334.428571428571400000 
-56123.800000000000000000 
-56123.800000000000000000 
-56123.800000000000000000 
-56123.800000000000000000 
-56123.800000000000000000 
-596895.678571428571400000 
-596895.678571428571400000 
-596895.678571428571400000 
-596895.678571428571400000 
-2813199.095238095238000000 
-2813199.095238095238000000 
-2813199.095238095238000000 
-7747487.666666666667000000 
-7747487.666666666667000000 
-13818394.666666666670000000 
1505997.309523809524000000 
1505997.309523809524000000 
1505997.309523809524000000 
1505997.309523809524000000 
1505997.309523809524000000 
1505997.309523809524000000 
19948779.228571428570000000 
19948779.228571428570000000 
19948779.228571428570000000 
19948779.228571428570000000 
19948779.228571428570000000 
118494390.250000000000000000 
118494390.250000000000000000 
118494390.250000000000000000 
118494390.250000000000000000 
418428975.666666666700000000 
418428975.666666666700000000 
418428975.666666666700000000 
979995329.595238095200000000 
979995329.595238095200000000 
1605527203.809523810000000000 
