# Section (1): Entries of the xi stiffness matrix 
0.000000000000000 
0.000000000000000 
0.000000000000000 
0.000000000000000 
0.000000000000000 
0.000000000000000 
0.000000000000000 
0.000000000000000 
0.000000000000000 
0.000000000000000 
0.000000000000000 
0.000000000000000 
0.000000000000000 
0.000000000000000 
0.000000000000000 
1.000000000000000 
0.000000000000000 
0.000000000000000 
0.000000000000000 
0.000000000000000 
0.000000000000000 
0.000000000000000 
0.000000000000000 
0.000000000000000 
0.000000000000000 
0.000000000000000 
0.000000000000000 
0.000000000000000 
0.000000000000000 
0.000000000000000 
0.000000000000000 
0.000000000000000 
0.000000000000000 
0.000000000000000 
0.000000000000000 
0.000000000000000 
0.000000000000000 
0.000000000000000 
0.000000000000000 
0.000000000000000 
0.000000000000000 
0.000000000000000 
0.000000000000000 
0.000000000000000 
0.000000000000000 
0.000000000000000 
.500000000000000 
0.000000000000000 
0.000000000000000 
0.000000000000000 
0.000000000000000 
0.000000000000000 
0.000000000000000 
0.000000000000000 
0.000000000000000 
0.000000000000000 
0.000000000000000 
0.000000000000000 
0.000000000000000 
0.000000000000000 
.666666666666667 
0.000000000000000 
.833333333333333 
0.000000000000000 
0.000000000000000 
0.000000000000000 
0.000000000000000 
0.000000000000000 
0.000000000000000 
0.000000000000000 
0.000000000000000 
0.000000000000000 
0.000000000000000 
0.000000000000000 
0.000000000000000 
0.000000000000000 
0.000000000000000 
0.000000000000000 
0.000000000000000 
0.000000000000000 
0.000000000000000 
0.000000000000000 
0.000000000000000 
0.000000000000000 
0.000000000000000 
0.000000000000000 
0.000000000000000 
0.000000000000000 
0.000000000000000 
0.000000000000000 
.500000000000000 
0.000000000000000 
-.200000000000000 
.333333333333333 
0.000000000000000 
.033333333333333 
0.000000000000000 
0.000000000000000 
0.000000000000000 
0.000000000000000 
0.000000000000000 
0.000000000000000 
0.000000000000000 
0.000000000000000 
0.000000000000000 
0.000000000000000 
.200000000000000 
0.000000000000000 
0.000000000000000 
.466666666666667 
0.000000000000000 
0.000000000000000 
0.000000000000000 
0.000000000000000 
0.000000000000000 
0.000000000000000 
0.000000000000000 
0.000000000000000 
0.000000000000000 
0.000000000000000 
.500000000000000 
0.000000000000000 
.800000000000000 
0.000000000000000 
0.000000000000000 
.700000000000000 
0.000000000000000 
0.000000000000000 
0.000000000000000 
0.000000000000000 
0.000000000000000 
0.000000000000000 
0.000000000000000 
0.000000000000000 
0.000000000000000 
0.000000000000000 
0.000000000000000 
0.000000000000000 
0.000000000000000 
0.000000000000000 
0.000000000000000 
0.000000000000000 
0.000000000000000 
0.000000000000000 
0.000000000000000 
0.000000000000000 
0.000000000000000 
0.000000000000000 
0.000000000000000 
0.000000000000000 
0.000000000000000 
.333333333333333 
0.000000000000000 
0.000000000000000 
-.095238095238095 
0.000000000000000 
.250000000000000 
0.000000000000000 
.011904761904762 
0.000000000000000 
0.000000000000000 
0.000000000000000 
0.000000000000000 
0.000000000000000 
0.000000000000000 
.400000000000000 
0.000000000000000 
.200000000000000 
.095238095238095 
0.000000000000000 
-.247619047619048 
0.000000000000000 
.321428571428571 
0.000000000000000 
.064285714285714 
0.000000000000000 
0.000000000000000 
0.000000000000000 
0.000000000000000 
0.000000000000000 
0.000000000000000 
.100000000000000 
0.000000000000000 
0.000000000000000 
.304761904761905 
0.000000000000000 
0.000000000000000 
0.000000000000000 
.428571428571429 
0.000000000000000 
0.000000000000000 
0.000000000000000 
0.000000000000000 
0.000000000000000 
0.000000000000000 
.400000000000000 
0.000000000000000 
.700000000000000 
0.000000000000000 
0.000000000000000 
.800000000000000 
0.000000000000000 
0.000000000000000 
0.000000000000000 
.600000000000000 
0.000000000000000 
0.000000000000000 
0.000000000000000 
0.000000000000000 
0.000000000000000 
0.000000000000000 
0.000000000000000 
0.000000000000000 
0.000000000000000 
0.000000000000000 
0.000000000000000 
0.000000000000000 
0.000000000000000 
0.000000000000000 
0.000000000000000 
0.000000000000000 
0.000000000000000 
0.000000000000000 
0.000000000000000 
0.000000000000000 
# Section (2): Entries of the eta stiffness matrix 
0.000000000000000 
0.000000000000000 
0.000000000000000 
0.000000000000000 
0.000000000000000 
0.000000000000000 
0.000000000000000 
0.000000000000000 
0.000000000000000 
0.000000000000000 
0.000000000000000 
0.000000000000000 
0.000000000000000 
0.000000000000000 
0.000000000000000 
.500000000000000 
0.000000000000000 
0.000000000000000 
0.000000000000000 
0.000000000000000 
0.000000000000000 
0.000000000000000 
0.000000000000000 
0.000000000000000 
0.000000000000000 
0.000000000000000 
0.000000000000000 
0.000000000000000 
0.000000000000000 
0.000000000000000 
1.500000000000000 
0.000000000000000 
0.000000000000000 
0.000000000000000 
0.000000000000000 
0.000000000000000 
0.000000000000000 
0.000000000000000 
0.000000000000000 
0.000000000000000 
0.000000000000000 
0.000000000000000 
0.000000000000000 
0.000000000000000 
0.000000000000000 
.333333333333333 
.250000000000000 
-.083333333333333 
0.000000000000000 
0.000000000000000 
0.000000000000000 
0.000000000000000 
0.000000000000000 
0.000000000000000 
0.000000000000000 
0.000000000000000 
0.000000000000000 
0.000000000000000 
0.000000000000000 
0.000000000000000 
.333333333333333 
.416666666666667 
.416666666666667 
0.000000000000000 
0.000000000000000 
0.000000000000000 
0.000000000000000 
0.000000000000000 
0.000000000000000 
0.000000000000000 
0.000000000000000 
0.000000000000000 
0.000000000000000 
0.000000000000000 
0.000000000000000 
-.666666666666667 
0.000000000000000 
1.666666666666667 
0.000000000000000 
0.000000000000000 
0.000000000000000 
0.000000000000000 
0.000000000000000 
0.000000000000000 
0.000000000000000 
0.000000000000000 
0.000000000000000 
0.000000000000000 
0.000000000000000 
0.000000000000000 
.250000000000000 
.200000000000000 
-.100000000000000 
.166666666666667 
-.033333333333333 
.016666666666667 
0.000000000000000 
0.000000000000000 
0.000000000000000 
0.000000000000000 
0.000000000000000 
0.000000000000000 
0.000000000000000 
0.000000000000000 
0.000000000000000 
.250000000000000 
.100000000000000 
.200000000000000 
.233333333333333 
.233333333333333 
-.116666666666667 
0.000000000000000 
0.000000000000000 
0.000000000000000 
0.000000000000000 
0.000000000000000 
0.000000000000000 
0.000000000000000 
0.000000000000000 
0.000000000000000 
.250000000000000 
-.300000000000000 
.400000000000000 
0.000000000000000 
.466666666666667 
.350000000000000 
0.000000000000000 
0.000000000000000 
0.000000000000000 
0.000000000000000 
0.000000000000000 
0.000000000000000 
0.000000000000000 
0.000000000000000 
0.000000000000000 
1.250000000000000 
0.000000000000000 
-.500000000000000 
0.000000000000000 
0.000000000000000 
1.750000000000000 
0.000000000000000 
0.000000000000000 
0.000000000000000 
0.000000000000000 
0.000000000000000 
0.000000000000000 
0.000000000000000 
0.000000000000000 
0.000000000000000 
.200000000000000 
.166666666666667 
-.100000000000000 
.142857142857143 
-.047619047619048 
.028571428571429 
.125000000000000 
-.017857142857143 
.005952380952381 
-.003571428571429 
0.000000000000000 
0.000000000000000 
0.000000000000000 
0.000000000000000 
0.000000000000000 
.200000000000000 
.100000000000000 
.100000000000000 
.047619047619048 
.161904761904762 
-.123809523809524 
.160714285714286 
.160714285714286 
-.053571428571429 
.032142857142857 
0.000000000000000 
0.000000000000000 
0.000000000000000 
0.000000000000000 
0.000000000000000 
.200000000000000 
.050000000000000 
.250000000000000 
-.190476190476190 
.152380952380952 
.095238095238095 
0.000000000000000 
.257142857142857 
.214285714285714 
-.128571428571429 
0.000000000000000 
0.000000000000000 
0.000000000000000 
0.000000000000000 
0.000000000000000 
.200000000000000 
.350000000000000 
.350000000000000 
0.000000000000000 
-.266666666666667 
.400000000000000 
0.000000000000000 
0.000000000000000 
.500000000000000 
.300000000000000 
0.000000000000000 
0.000000000000000 
0.000000000000000 
0.000000000000000 
0.000000000000000 
-.800000000000000 
0.000000000000000 
1.400000000000000 
0.000000000000000 
0.000000000000000 
-.400000000000000 
0.000000000000000 
0.000000000000000 
0.000000000000000 
1.800000000000000 
0.000000000000000 
0.000000000000000 
0.000000000000000 
0.000000000000000 
0.000000000000000 
# Section (3): Entries of the flux matrix for side I 
1.000000000000000 
1.000000000000000 
1.000000000000000 
1.000000000000000 
0.000000000000000 
0.000000000000000 
.500000000000000 
-.500000000000000 
-1.000000000000000 
-1.000000000000000 
.500000000000000 
.500000000000000 
0.000000000000000 
0.000000000000000 
.333333333333333 
.333333333333333 
0.000000000000000 
0.000000000000000 
.333333333333333 
-.333333333333333 
1.000000000000000 
1.000000000000000 
.333333333333333 
.333333333333333 
0.000000000000000 
0.000000000000000 
.250000000000000 
-.250000000000000 
0.000000000000000 
0.000000000000000 
.250000000000000 
.250000000000000 
0.000000000000000 
0.000000000000000 
.250000000000000 
-.250000000000000 
-1.000000000000000 
-1.000000000000000 
.250000000000000 
.250000000000000 
0.000000000000000 
0.000000000000000 
.200000000000000 
.200000000000000 
0.000000000000000 
0.000000000000000 
.200000000000000 
-.200000000000000 
0.000000000000000 
0.000000000000000 
.200000000000000 
.200000000000000 
0.000000000000000 
0.000000000000000 
.200000000000000 
-.200000000000000 
1.000000000000000 
1.000000000000000 
.200000000000000 
.200000000000000 
0.000000000000000 
0.000000000000000 
0.000000000000000 
0.000000000000000 
.333333333333333 
-.333333333333333 
.166666666666667 
.166666666666667 
0.000000000000000 
0.000000000000000 
-.500000000000000 
.500000000000000 
0.000000000000000 
0.000000000000000 
.166666666666667 
-.166666666666667 
-.333333333333333 
.333333333333333 
-.166666666666667 
-.166666666666667 
0.000000000000000 
0.000000000000000 
-.333333333333333 
.333333333333333 
0.000000000000000 
0.000000000000000 
.150000000000000 
.150000000000000 
0.000000000000000 
0.000000000000000 
-.050000000000000 
.050000000000000 
.333333333333333 
-.333333333333333 
-.183333333333333 
-.183333333333333 
0.000000000000000 
0.000000000000000 
-.250000000000000 
.250000000000000 
0.000000000000000 
0.000000000000000 
.133333333333333 
-.133333333333333 
0.000000000000000 
0.000000000000000 
0.000000000000000 
0.000000000000000 
0.000000000000000 
0.000000000000000 
-.100000000000000 
.100000000000000 
-.333333333333333 
.333333333333333 
-.166666666666667 
-.166666666666667 
0.000000000000000 
0.000000000000000 
-.200000000000000 
.200000000000000 
-1.000000000000000 
-1.000000000000000 
-1.000000000000000 
-1.000000000000000 
0.000000000000000 
0.000000000000000 
-.500000000000000 
.500000000000000 
1.000000000000000 
1.000000000000000 
-.500000000000000 
-.500000000000000 
0.000000000000000 
0.000000000000000 
-.333333333333333 
-.333333333333333 
0.000000000000000 
0.000000000000000 
-.333333333333333 
.333333333333333 
-1.000000000000000 
-1.000000000000000 
-.333333333333333 
-.333333333333333 
0.000000000000000 
0.000000000000000 
-.250000000000000 
.250000000000000 
0.000000000000000 
0.000000000000000 
-.250000000000000 
-.250000000000000 
0.000000000000000 
0.000000000000000 
-.250000000000000 
.250000000000000 
1.000000000000000 
1.000000000000000 
-.250000000000000 
-.250000000000000 
0.000000000000000 
0.000000000000000 
-.200000000000000 
-.200000000000000 
0.000000000000000 
0.000000000000000 
-.200000000000000 
.200000000000000 
0.000000000000000 
0.000000000000000 
-.200000000000000 
-.200000000000000 
0.000000000000000 
0.000000000000000 
-.200000000000000 
.200000000000000 
-1.000000000000000 
-1.000000000000000 
-.200000000000000 
-.200000000000000 
0.000000000000000 
0.000000000000000 
0.000000000000000 
0.000000000000000 
0.000000000000000 
0.000000000000000 
0.000000000000000 
0.000000000000000 
0.000000000000000 
0.000000000000000 
0.000000000000000 
0.000000000000000 
.200000000000000 
.200000000000000 
.033333333333333 
.033333333333333 
0.000000000000000 
0.000000000000000 
-.166666666666667 
.166666666666667 
0.000000000000000 
0.000000000000000 
.333333333333333 
.333333333333333 
0.000000000000000 
0.000000000000000 
.050000000000000 
-.050000000000000 
-.200000000000000 
-.200000000000000 
-.150000000000000 
-.150000000000000 
0.000000000000000 
0.000000000000000 
.050000000000000 
-.050000000000000 
0.000000000000000 
0.000000000000000 
.250000000000000 
.250000000000000 
0.000000000000000 
0.000000000000000 
.057142857142857 
.057142857142857 
0.000000000000000 
0.000000000000000 
-.114285714285714 
.114285714285714 
.200000000000000 
.200000000000000 
-.042857142857143 
-.042857142857143 
0.000000000000000 
0.000000000000000 
.100000000000000 
-.100000000000000 
0.000000000000000 
0.000000000000000 
.200000000000000 
.200000000000000 
0.000000000000000 
0.000000000000000 
0.000000000000000 
0.000000000000000 
-.333333333333333 
.333333333333333 
-.166666666666667 
-.166666666666667 
0.000000000000000 
0.000000000000000 
.500000000000000 
-.500000000000000 
0.000000000000000 
0.000000000000000 
-.166666666666667 
.166666666666667 
.333333333333333 
-.333333333333333 
.166666666666667 
.166666666666667 
0.000000000000000 
0.000000000000000 
.333333333333333 
-.333333333333333 
0.000000000000000 
0.000000000000000 
-.150000000000000 
-.150000000000000 
0.000000000000000 
0.000000000000000 
.050000000000000 
-.050000000000000 
-.333333333333333 
.333333333333333 
.183333333333333 
.183333333333333 
0.000000000000000 
0.000000000000000 
.250000000000000 
-.250000000000000 
0.000000000000000 
0.000000000000000 
-.133333333333333 
.133333333333333 
0.000000000000000 
0.000000000000000 
0.000000000000000 
0.000000000000000 
0.000000000000000 
0.000000000000000 
.100000000000000 
-.100000000000000 
.333333333333333 
-.333333333333333 
.166666666666667 
.166666666666667 
0.000000000000000 
0.000000000000000 
.200000000000000 
-.200000000000000 
1.000000000000000 
1.000000000000000 
1.000000000000000 
1.000000000000000 
0.000000000000000 
0.000000000000000 
.500000000000000 
-.500000000000000 
-1.000000000000000 
-1.000000000000000 
.500000000000000 
.500000000000000 
0.000000000000000 
0.000000000000000 
.333333333333333 
.333333333333333 
0.000000000000000 
0.000000000000000 
.333333333333333 
-.333333333333333 
1.000000000000000 
1.000000000000000 
.333333333333333 
.333333333333333 
0.000000000000000 
0.000000000000000 
.250000000000000 
-.250000000000000 
0.000000000000000 
0.000000000000000 
.250000000000000 
.250000000000000 
0.000000000000000 
0.000000000000000 
.250000000000000 
-.250000000000000 
-1.000000000000000 
-1.000000000000000 
.250000000000000 
.250000000000000 
0.000000000000000 
0.000000000000000 
.200000000000000 
.200000000000000 
0.000000000000000 
0.000000000000000 
.200000000000000 
-.200000000000000 
0.000000000000000 
0.000000000000000 
.200000000000000 
.200000000000000 
0.000000000000000 
0.000000000000000 
.200000000000000 
-.200000000000000 
1.000000000000000 
1.000000000000000 
.200000000000000 
.200000000000000 
0.000000000000000 
0.000000000000000 
0.000000000000000 
0.000000000000000 
0.000000000000000 
0.000000000000000 
0.000000000000000 
0.000000000000000 
0.000000000000000 
0.000000000000000 
0.000000000000000 
0.000000000000000 
0.000000000000000 
0.000000000000000 
0.000000000000000 
0.000000000000000 
0.000000000000000 
0.000000000000000 
0.000000000000000 
0.000000000000000 
0.000000000000000 
0.000000000000000 
0.000000000000000 
0.000000000000000 
.142857142857143 
-.142857142857143 
.007142857142857 
.007142857142857 
0.000000000000000 
0.000000000000000 
-.050000000000000 
.050000000000000 
0.000000000000000 
0.000000000000000 
.150000000000000 
.150000000000000 
0.000000000000000 
0.000000000000000 
-.250000000000000 
.250000000000000 
0.000000000000000 
0.000000000000000 
.014285714285714 
-.014285714285714 
-.142857142857143 
.142857142857143 
-.071428571428571 
-.071428571428571 
0.000000000000000 
0.000000000000000 
.114285714285714 
-.114285714285714 
0.000000000000000 
0.000000000000000 
0.000000000000000 
0.000000000000000 
0.000000000000000 
0.000000000000000 
-.200000000000000 
.200000000000000 
0.000000000000000 
0.000000000000000 
0.000000000000000 
0.000000000000000 
0.000000000000000 
0.000000000000000 
0.000000000000000 
0.000000000000000 
0.000000000000000 
0.000000000000000 
0.000000000000000 
0.000000000000000 
-.200000000000000 
-.200000000000000 
-.033333333333333 
-.033333333333333 
0.000000000000000 
0.000000000000000 
.166666666666667 
-.166666666666667 
0.000000000000000 
0.000000000000000 
-.333333333333333 
-.333333333333333 
0.000000000000000 
0.000000000000000 
-.050000000000000 
.050000000000000 
.200000000000000 
.200000000000000 
.150000000000000 
.150000000000000 
0.000000000000000 
0.000000000000000 
-.050000000000000 
.050000000000000 
0.000000000000000 
0.000000000000000 
-.250000000000000 
-.250000000000000 
0.000000000000000 
0.000000000000000 
-.057142857142857 
-.057142857142857 
0.000000000000000 
0.000000000000000 
.114285714285714 
-.114285714285714 
-.200000000000000 
-.200000000000000 
.042857142857143 
.042857142857143 
0.000000000000000 
0.000000000000000 
-.100000000000000 
.100000000000000 
0.000000000000000 
0.000000000000000 
-.200000000000000 
-.200000000000000 
0.000000000000000 
0.000000000000000 
0.000000000000000 
0.000000000000000 
.333333333333333 
-.333333333333333 
.166666666666667 
.166666666666667 
0.000000000000000 
0.000000000000000 
-.500000000000000 
.500000000000000 
0.000000000000000 
0.000000000000000 
.166666666666667 
-.166666666666667 
-.333333333333333 
.333333333333333 
-.166666666666667 
-.166666666666667 
0.000000000000000 
0.000000000000000 
-.333333333333333 
.333333333333333 
0.000000000000000 
0.000000000000000 
.150000000000000 
.150000000000000 
0.000000000000000 
0.000000000000000 
-.050000000000000 
.050000000000000 
.333333333333333 
-.333333333333333 
-.183333333333333 
-.183333333333333 
0.000000000000000 
0.000000000000000 
-.250000000000000 
.250000000000000 
0.000000000000000 
0.000000000000000 
.133333333333333 
-.133333333333333 
0.000000000000000 
0.000000000000000 
0.000000000000000 
0.000000000000000 
0.000000000000000 
0.000000000000000 
-.100000000000000 
.100000000000000 
-.333333333333333 
.333333333333333 
-.166666666666667 
-.166666666666667 
0.000000000000000 
0.000000000000000 
-.200000000000000 
.200000000000000 
-1.000000000000000 
-1.000000000000000 
-1.000000000000000 
-1.000000000000000 
0.000000000000000 
0.000000000000000 
-.500000000000000 
.500000000000000 
1.000000000000000 
1.000000000000000 
-.500000000000000 
-.500000000000000 
0.000000000000000 
0.000000000000000 
-.333333333333333 
-.333333333333333 
0.000000000000000 
0.000000000000000 
-.333333333333333 
.333333333333333 
-1.000000000000000 
-1.000000000000000 
-.333333333333333 
-.333333333333333 
0.000000000000000 
0.000000000000000 
-.250000000000000 
.250000000000000 
0.000000000000000 
0.000000000000000 
-.250000000000000 
-.250000000000000 
0.000000000000000 
0.000000000000000 
-.250000000000000 
.250000000000000 
1.000000000000000 
1.000000000000000 
-.250000000000000 
-.250000000000000 
0.000000000000000 
0.000000000000000 
-.200000000000000 
-.200000000000000 
0.000000000000000 
0.000000000000000 
-.200000000000000 
.200000000000000 
0.000000000000000 
0.000000000000000 
-.200000000000000 
-.200000000000000 
0.000000000000000 
0.000000000000000 
-.200000000000000 
.200000000000000 
-1.000000000000000 
-1.000000000000000 
-.200000000000000 
-.200000000000000 
0.000000000000000 
0.000000000000000 
0.000000000000000 
0.000000000000000 
0.000000000000000 
0.000000000000000 
0.000000000000000 
0.000000000000000 
0.000000000000000 
0.000000000000000 
0.000000000000000 
0.000000000000000 
0.000000000000000 
0.000000000000000 
0.000000000000000 
0.000000000000000 
0.000000000000000 
0.000000000000000 
0.000000000000000 
0.000000000000000 
0.000000000000000 
0.000000000000000 
0.000000000000000 
0.000000000000000 
0.000000000000000 
0.000000000000000 
0.000000000000000 
0.000000000000000 
0.000000000000000 
0.000000000000000 
0.000000000000000 
0.000000000000000 
0.000000000000000 
0.000000000000000 
0.000000000000000 
0.000000000000000 
0.000000000000000 
0.000000000000000 
0.000000000000000 
0.000000000000000 
.111111111111111 
.111111111111111 
.001587301587302 
.001587301587302 
0.000000000000000 
0.000000000000000 
-.014285714285714 
.014285714285714 
0.000000000000000 
0.000000000000000 
.057142857142857 
.057142857142857 
0.000000000000000 
0.000000000000000 
-.133333333333333 
.133333333333333 
0.000000000000000 
0.000000000000000 
.200000000000000 
.200000000000000 
0.000000000000000 
0.000000000000000 
0.000000000000000 
0.000000000000000 
0.000000000000000 
0.000000000000000 
0.000000000000000 
0.000000000000000 
0.000000000000000 
0.000000000000000 
0.000000000000000 
0.000000000000000 
0.000000000000000 
0.000000000000000 
0.000000000000000 
0.000000000000000 
0.000000000000000 
0.000000000000000 
0.000000000000000 
0.000000000000000 
0.000000000000000 
0.000000000000000 
0.000000000000000 
0.000000000000000 
-.142857142857143 
.142857142857143 
-.007142857142857 
-.007142857142857 
0.000000000000000 
0.000000000000000 
.050000000000000 
-.050000000000000 
0.000000000000000 
0.000000000000000 
-.150000000000000 
-.150000000000000 
0.000000000000000 
0.000000000000000 
.250000000000000 
-.250000000000000 
0.000000000000000 
0.000000000000000 
-.014285714285714 
.014285714285714 
.142857142857143 
-.142857142857143 
.071428571428571 
.071428571428571 
0.000000000000000 
0.000000000000000 
-.114285714285714 
.114285714285714 
0.000000000000000 
0.000000000000000 
0.000000000000000 
0.000000000000000 
0.000000000000000 
0.000000000000000 
.200000000000000 
-.200000000000000 
0.000000000000000 
0.000000000000000 
0.000000000000000 
0.000000000000000 
0.000000000000000 
0.000000000000000 
0.000000000000000 
0.000000000000000 
0.000000000000000 
0.000000000000000 
0.000000000000000 
0.000000000000000 
.200000000000000 
.200000000000000 
.033333333333333 
.033333333333333 
0.000000000000000 
0.000000000000000 
-.166666666666667 
.166666666666667 
0.000000000000000 
0.000000000000000 
.333333333333333 
.333333333333333 
0.000000000000000 
0.000000000000000 
.050000000000000 
-.050000000000000 
-.200000000000000 
-.200000000000000 
-.150000000000000 
-.150000000000000 
0.000000000000000 
0.000000000000000 
.050000000000000 
-.050000000000000 
0.000000000000000 
0.000000000000000 
.250000000000000 
.250000000000000 
0.000000000000000 
0.000000000000000 
.057142857142857 
.057142857142857 
0.000000000000000 
0.000000000000000 
-.114285714285714 
.114285714285714 
.200000000000000 
.200000000000000 
-.042857142857143 
-.042857142857143 
0.000000000000000 
0.000000000000000 
.100000000000000 
-.100000000000000 
0.000000000000000 
0.000000000000000 
.200000000000000 
.200000000000000 
0.000000000000000 
0.000000000000000 
0.000000000000000 
0.000000000000000 
-.333333333333333 
.333333333333333 
-.166666666666667 
-.166666666666667 
0.000000000000000 
0.000000000000000 
.500000000000000 
-.500000000000000 
0.000000000000000 
0.000000000000000 
-.166666666666667 
.166666666666667 
.333333333333333 
-.333333333333333 
.166666666666667 
.166666666666667 
0.000000000000000 
0.000000000000000 
.333333333333333 
-.333333333333333 
0.000000000000000 
0.000000000000000 
-.150000000000000 
-.150000000000000 
0.000000000000000 
0.000000000000000 
.050000000000000 
-.050000000000000 
-.333333333333333 
.333333333333333 
.183333333333333 
.183333333333333 
0.000000000000000 
0.000000000000000 
.250000000000000 
-.250000000000000 
0.000000000000000 
0.000000000000000 
-.133333333333333 
.133333333333333 
0.000000000000000 
0.000000000000000 
0.000000000000000 
0.000000000000000 
0.000000000000000 
0.000000000000000 
.100000000000000 
-.100000000000000 
.333333333333333 
-.333333333333333 
.166666666666667 
.166666666666667 
0.000000000000000 
0.000000000000000 
.200000000000000 
-.200000000000000 
1.000000000000000 
1.000000000000000 
1.000000000000000 
1.000000000000000 
0.000000000000000 
0.000000000000000 
.500000000000000 
-.500000000000000 
-1.000000000000000 
-1.000000000000000 
.500000000000000 
.500000000000000 
0.000000000000000 
0.000000000000000 
.333333333333333 
.333333333333333 
0.000000000000000 
0.000000000000000 
.333333333333333 
-.333333333333333 
1.000000000000000 
1.000000000000000 
.333333333333333 
.333333333333333 
0.000000000000000 
0.000000000000000 
.250000000000000 
-.250000000000000 
0.000000000000000 
0.000000000000000 
.250000000000000 
.250000000000000 
0.000000000000000 
0.000000000000000 
.250000000000000 
-.250000000000000 
-1.000000000000000 
-1.000000000000000 
.250000000000000 
.250000000000000 
0.000000000000000 
0.000000000000000 
.200000000000000 
.200000000000000 
0.000000000000000 
0.000000000000000 
.200000000000000 
-.200000000000000 
0.000000000000000 
0.000000000000000 
.200000000000000 
.200000000000000 
0.000000000000000 
0.000000000000000 
.200000000000000 
-.200000000000000 
1.000000000000000 
1.000000000000000 
.200000000000000 
.200000000000000 
# Section (4): Entries of the flux matrix for side II 
1.000000000000000 
1.000000000000000 
1.000000000000000 
1.000000000000000 
.500000000000000 
0.000000000000000 
.500000000000000 
-.500000000000000 
.500000000000000 
-1.000000000000000 
.500000000000000 
.500000000000000 
.333333333333333 
0.000000000000000 
.333333333333333 
.333333333333333 
.333333333333333 
0.000000000000000 
.333333333333333 
-.333333333333333 
.333333333333333 
1.000000000000000 
.333333333333333 
.333333333333333 
.250000000000000 
0.000000000000000 
.250000000000000 
-.250000000000000 
.250000000000000 
0.000000000000000 
.250000000000000 
.250000000000000 
.250000000000000 
0.000000000000000 
.250000000000000 
-.250000000000000 
.250000000000000 
-1.000000000000000 
.250000000000000 
.250000000000000 
.200000000000000 
0.000000000000000 
.200000000000000 
.200000000000000 
.200000000000000 
0.000000000000000 
.200000000000000 
-.200000000000000 
.200000000000000 
0.000000000000000 
.200000000000000 
.200000000000000 
.200000000000000 
0.000000000000000 
.200000000000000 
-.200000000000000 
.200000000000000 
1.000000000000000 
.200000000000000 
.200000000000000 
.500000000000000 
.500000000000000 
.500000000000000 
.500000000000000 
.333333333333333 
.166666666666667 
.166666666666667 
-.333333333333333 
0.000000000000000 
-.500000000000000 
.500000000000000 
0.000000000000000 
.250000000000000 
0.000000000000000 
.083333333333333 
.250000000000000 
.083333333333333 
-.166666666666667 
.250000000000000 
-.083333333333333 
0.000000000000000 
.500000000000000 
.333333333333333 
0.000000000000000 
.200000000000000 
0.000000000000000 
.050000000000000 
-.200000000000000 
.100000000000000 
0.000000000000000 
.150000000000000 
.100000000000000 
.033333333333333 
.166666666666667 
.216666666666667 
-.033333333333333 
0.000000000000000 
-.500000000000000 
.250000000000000 
0.000000000000000 
.166666666666667 
0.000000000000000 
.033333333333333 
.166666666666667 
.100000000000000 
0.000000000000000 
.100000000000000 
-.100000000000000 
.050000000000000 
0.000000000000000 
.150000000000000 
.050000000000000 
.016666666666667 
-.166666666666667 
.183333333333333 
-.016666666666667 
0.000000000000000 
.500000000000000 
.200000000000000 
0.000000000000000 
.500000000000000 
.500000000000000 
.500000000000000 
.500000000000000 
0.000000000000000 
-.500000000000000 
.500000000000000 
0.000000000000000 
1.000000000000000 
-.500000000000000 
-.500000000000000 
1.000000000000000 
-.083333333333333 
0.000000000000000 
.416666666666667 
-.083333333333333 
.416666666666667 
.500000000000000 
-.083333333333333 
-.416666666666667 
.666666666666667 
.500000000000000 
-.333333333333333 
.666666666666667 
-.100000000000000 
0.000000000000000 
.350000000000000 
.100000000000000 
.200000000000000 
0.000000000000000 
.050000000000000 
.200000000000000 
.400000000000000 
-.500000000000000 
-.150000000000000 
-.400000000000000 
.500000000000000 
-.500000000000000 
-.250000000000000 
.500000000000000 
-.100000000000000 
0.000000000000000 
.300000000000000 
-.100000000000000 
.100000000000000 
0.000000000000000 
.100000000000000 
-.100000000000000 
.250000000000000 
0.000000000000000 
-.050000000000000 
.250000000000000 
.350000000000000 
.500000000000000 
-.150000000000000 
-.350000000000000 
.400000000000000 
.500000000000000 
-.200000000000000 
.400000000000000 
.333333333333333 
.333333333333333 
.333333333333333 
.333333333333333 
.250000000000000 
.166666666666667 
.083333333333333 
-.250000000000000 
-.083333333333333 
-.333333333333333 
.416666666666667 
-.083333333333333 
.200000000000000 
.033333333333333 
.033333333333333 
.200000000000000 
0.000000000000000 
-.166666666666667 
.166666666666667 
0.000000000000000 
0.000000000000000 
.333333333333333 
.333333333333333 
0.000000000000000 
.166666666666667 
0.000000000000000 
.016666666666667 
-.166666666666667 
.033333333333333 
-.033333333333333 
.083333333333333 
.033333333333333 
0.000000000000000 
.166666666666667 
.183333333333333 
0.000000000000000 
0.000000000000000 
-.333333333333333 
.250000000000000 
0.000000000000000 
.142857142857143 
0.000000000000000 
.009523809523810 
.142857142857143 
.047619047619048 
0.000000000000000 
.047619047619048 
-.047619047619048 
.009523809523810 
.033333333333333 
.109523809523810 
.009523809523810 
0.000000000000000 
-.166666666666667 
.166666666666667 
0.000000000000000 
0.000000000000000 
.333333333333333 
.200000000000000 
0.000000000000000 
.333333333333333 
.333333333333333 
.333333333333333 
.333333333333333 
.083333333333333 
-.166666666666667 
.250000000000000 
-.083333333333333 
.416666666666667 
-.333333333333333 
-.083333333333333 
.416666666666667 
0.000000000000000 
-.166666666666667 
.166666666666667 
0.000000000000000 
.333333333333333 
.166666666666667 
.166666666666667 
-.333333333333333 
0.000000000000000 
.333333333333333 
-.333333333333333 
0.000000000000000 
-.033333333333333 
0.000000000000000 
.116666666666667 
.033333333333333 
.233333333333333 
.166666666666667 
.183333333333333 
.233333333333333 
.133333333333333 
-.166666666666667 
-.050000000000000 
-.133333333333333 
0.000000000000000 
-.333333333333333 
-.250000000000000 
0.000000000000000 
-.047619047619048 
0.000000000000000 
.085714285714286 
-.047619047619048 
.161904761904762 
0.000000000000000 
.161904761904762 
-.161904761904762 
.152380952380952 
-.166666666666667 
.052380952380952 
.152380952380952 
.066666666666667 
.166666666666667 
-.100000000000000 
-.066666666666667 
0.000000000000000 
.333333333333333 
-.200000000000000 
0.000000000000000 
.333333333333333 
.333333333333333 
.333333333333333 
.333333333333333 
0.000000000000000 
-.333333333333333 
.333333333333333 
0.000000000000000 
.666666666666667 
-.333333333333333 
-.333333333333333 
.666666666666667 
0.000000000000000 
.333333333333333 
.333333333333333 
0.000000000000000 
0.000000000000000 
.333333333333333 
-.333333333333333 
0.000000000000000 
1.000000000000000 
.333333333333333 
.333333333333333 
1.000000000000000 
.016666666666667 
0.000000000000000 
.316666666666667 
-.016666666666667 
-.116666666666667 
-.333333333333333 
-.216666666666667 
-.116666666666667 
.350000000000000 
-.333333333333333 
-.016666666666667 
-.350000000000000 
.750000000000000 
-.333333333333333 
.250000000000000 
.750000000000000 
.028571428571429 
0.000000000000000 
.295238095238095 
.028571428571429 
-.123809523809524 
0.000000000000000 
-.123809523809524 
.123809523809524 
.095238095238095 
.333333333333333 
-.104761904761905 
.095238095238095 
.400000000000000 
.333333333333333 
.066666666666667 
-.400000000000000 
.600000000000000 
.333333333333333 
.200000000000000 
.600000000000000 
.250000000000000 
.250000000000000 
.250000000000000 
.250000000000000 
.200000000000000 
.150000000000000 
.050000000000000 
-.200000000000000 
-.100000000000000 
-.250000000000000 
.350000000000000 
-.100000000000000 
.166666666666667 
.050000000000000 
.016666666666667 
.166666666666667 
-.033333333333333 
-.150000000000000 
.116666666666667 
.033333333333333 
.016666666666667 
.250000000000000 
.316666666666667 
.016666666666667 
.142857142857143 
.007142857142857 
.007142857142857 
-.142857142857143 
0.000000000000000 
-.050000000000000 
.050000000000000 
0.000000000000000 
0.000000000000000 
.150000000000000 
.150000000000000 
0.000000000000000 
0.000000000000000 
-.250000000000000 
.250000000000000 
0.000000000000000 
.125000000000000 
0.000000000000000 
.003571428571429 
.125000000000000 
.017857142857143 
-.007142857142857 
.025000000000000 
-.017857142857143 
0.000000000000000 
.050000000000000 
.078571428571429 
0.000000000000000 
0.000000000000000 
-.150000000000000 
.150000000000000 
0.000000000000000 
0.000000000000000 
.250000000000000 
.200000000000000 
0.000000000000000 
.250000000000000 
.250000000000000 
.250000000000000 
.250000000000000 
.100000000000000 
-.050000000000000 
.150000000000000 
-.100000000000000 
.200000000000000 
-.250000000000000 
.050000000000000 
.200000000000000 
.033333333333333 
-.150000000000000 
.083333333333333 
.033333333333333 
.233333333333333 
.050000000000000 
.183333333333333 
-.233333333333333 
-.116666666666667 
.250000000000000 
-.216666666666667 
-.116666666666667 
0.000000000000000 
-.050000000000000 
.050000000000000 
0.000000000000000 
.200000000000000 
.150000000000000 
.150000000000000 
.200000000000000 
0.000000000000000 
-.050000000000000 
.050000000000000 
0.000000000000000 
0.000000000000000 
-.250000000000000 
-.250000000000000 
0.000000000000000 
-.017857142857143 
0.000000000000000 
.032142857142857 
-.017857142857143 
.160714285714286 
.050000000000000 
.110714285714286 
-.160714285714286 
.057142857142857 
-.150000000000000 
.107142857142857 
.057142857142857 
0.000000000000000 
.050000000000000 
-.050000000000000 
0.000000000000000 
0.000000000000000 
.250000000000000 
-.200000000000000 
0.000000000000000 
.250000000000000 
.250000000000000 
.250000000000000 
.250000000000000 
.033333333333333 
-.183333333333333 
.216666666666667 
-.033333333333333 
.400000000000000 
-.250000000000000 
-.150000000000000 
.400000000000000 
0.000000000000000 
.050000000000000 
.183333333333333 
0.000000000000000 
.133333333333333 
.183333333333333 
-.050000000000000 
-.133333333333333 
.350000000000000 
.250000000000000 
-.016666666666667 
.350000000000000 
0.000000000000000 
.150000000000000 
.150000000000000 
0.000000000000000 
0.000000000000000 
-.050000000000000 
.050000000000000 
0.000000000000000 
.333333333333333 
-.183333333333333 
-.183333333333333 
-.333333333333333 
0.000000000000000 
-.250000000000000 
.250000000000000 
0.000000000000000 
.005952380952381 
0.000000000000000 
.122619047619048 
.005952380952381 
-.053571428571429 
-.150000000000000 
.096428571428571 
.053571428571429 
.214285714285714 
.050000000000000 
-.135714285714286 
.214285714285714 
.166666666666667 
.183333333333333 
-.016666666666667 
-.166666666666667 
0.000000000000000 
.250000000000000 
.200000000000000 
0.000000000000000 
.250000000000000 
.250000000000000 
.250000000000000 
.250000000000000 
0.000000000000000 
-.250000000000000 
.250000000000000 
0.000000000000000 
.500000000000000 
-.250000000000000 
-.250000000000000 
.500000000000000 
0.000000000000000 
.250000000000000 
.250000000000000 
0.000000000000000 
0.000000000000000 
.250000000000000 
-.250000000000000 
0.000000000000000 
.750000000000000 
.250000000000000 
.250000000000000 
.750000000000000 
0.000000000000000 
-.250000000000000 
.250000000000000 
0.000000000000000 
0.000000000000000 
-.250000000000000 
-.250000000000000 
0.000000000000000 
0.000000000000000 
-.250000000000000 
.250000000000000 
0.000000000000000 
1.000000000000000 
-.250000000000000 
-.250000000000000 
1.000000000000000 
-.003571428571429 
0.000000000000000 
.246428571428571 
-.003571428571429 
.032142857142857 
.250000000000000 
-.217857142857143 
-.032142857142857 
-.128571428571429 
.250000000000000 
.121428571428571 
-.128571428571429 
.300000000000000 
.250000000000000 
.050000000000000 
-.300000000000000 
.800000000000000 
.250000000000000 
-.200000000000000 
.800000000000000 
.200000000000000 
.200000000000000 
.200000000000000 
.200000000000000 
.166666666666667 
.133333333333333 
.033333333333333 
-.166666666666667 
-.100000000000000 
-.200000000000000 
.300000000000000 
-.100000000000000 
.142857142857143 
.057142857142857 
.009523809523810 
.142857142857143 
-.047619047619048 
-.133333333333333 
.085714285714286 
.047619047619048 
.028571428571429 
.200000000000000 
.295238095238095 
.028571428571429 
.125000000000000 
.014285714285714 
.003571428571429 
-.125000000000000 
-.017857142857143 
-.057142857142857 
.032142857142857 
-.017857142857143 
.005952380952381 
.133333333333333 
.122619047619048 
-.005952380952381 
-.003571428571429 
-.200000000000000 
.246428571428571 
-.003571428571429 
.111111111111111 
.001587301587302 
.001587301587302 
.111111111111111 
0.000000000000000 
-.014285714285714 
.014285714285714 
0.000000000000000 
0.000000000000000 
.057142857142857 
.057142857142857 
0.000000000000000 
0.000000000000000 
-.133333333333333 
.133333333333333 
0.000000000000000 
0.000000000000000 
.200000000000000 
.200000000000000 
0.000000000000000 
.200000000000000 
.200000000000000 
.200000000000000 
.200000000000000 
.100000000000000 
0.000000000000000 
.100000000000000 
-.100000000000000 
.100000000000000 
-.200000000000000 
.100000000000000 
.100000000000000 
.047619047619048 
-.114285714285714 
.047619047619048 
.047619047619048 
.161904761904762 
0.000000000000000 
.161904761904762 
-.161904761904762 
-.123809523809524 
.200000000000000 
-.123809523809524 
-.123809523809524 
.017857142857143 
-.071428571428571 
.025000000000000 
-.017857142857143 
.160714285714286 
.114285714285714 
.110714285714286 
.160714285714286 
-.053571428571429 
0.000000000000000 
.096428571428571 
.053571428571429 
.032142857142857 
-.200000000000000 
-.217857142857143 
.032142857142857 
0.000000000000000 
-.014285714285714 
.014285714285714 
0.000000000000000 
.142857142857143 
.071428571428571 
.071428571428571 
-.142857142857143 
0.000000000000000 
-.114285714285714 
.114285714285714 
0.000000000000000 
0.000000000000000 
0.000000000000000 
0.000000000000000 
0.000000000000000 
0.000000000000000 
.200000000000000 
-.200000000000000 
0.000000000000000 
.200000000000000 
.200000000000000 
.200000000000000 
.200000000000000 
.050000000000000 
-.100000000000000 
.150000000000000 
-.050000000000000 
.250000000000000 
-.200000000000000 
-.050000000000000 
.250000000000000 
.009523809523810 
-.042857142857143 
.109523809523810 
.009523809523810 
.152380952380952 
.100000000000000 
.052380952380952 
-.152380952380952 
.095238095238095 
.200000000000000 
-.104761904761905 
.095238095238095 
0.000000000000000 
.114285714285714 
.078571428571429 
0.000000000000000 
.057142857142857 
.042857142857143 
.107142857142857 
.057142857142857 
.214285714285714 
-.100000000000000 
-.135714285714286 
-.214285714285714 
-.128571428571429 
-.200000000000000 
.121428571428571 
-.128571428571429 
0.000000000000000 
.057142857142857 
.057142857142857 
0.000000000000000 
0.000000000000000 
-.114285714285714 
.114285714285714 
0.000000000000000 
.200000000000000 
-.042857142857143 
-.042857142857143 
.200000000000000 
0.000000000000000 
.100000000000000 
-.100000000000000 
0.000000000000000 
0.000000000000000 
.200000000000000 
.200000000000000 
0.000000000000000 
.200000000000000 
.200000000000000 
.200000000000000 
.200000000000000 
.016666666666667 
-.166666666666667 
.183333333333333 
-.016666666666667 
.350000000000000 
-.200000000000000 
-.150000000000000 
.350000000000000 
0.000000000000000 
.100000000000000 
.166666666666667 
0.000000000000000 
.066666666666667 
.166666666666667 
-.100000000000000 
-.066666666666667 
.400000000000000 
.200000000000000 
.066666666666667 
.400000000000000 
0.000000000000000 
0.000000000000000 
.150000000000000 
0.000000000000000 
0.000000000000000 
-.100000000000000 
-.050000000000000 
0.000000000000000 
.166666666666667 
-.166666666666667 
-.016666666666667 
-.166666666666667 
.300000000000000 
-.200000000000000 
.050000000000000 
.300000000000000 
0.000000000000000 
-.133333333333333 
.133333333333333 
0.000000000000000 
0.000000000000000 
0.000000000000000 
0.000000000000000 
0.000000000000000 
0.000000000000000 
.100000000000000 
-.100000000000000 
0.000000000000000 
.333333333333333 
.166666666666667 
.166666666666667 
-.333333333333333 
0.000000000000000 
.200000000000000 
-.200000000000000 
0.000000000000000 
.200000000000000 
.200000000000000 
.200000000000000 
.200000000000000 
0.000000000000000 
-.200000000000000 
.200000000000000 
0.000000000000000 
.400000000000000 
-.200000000000000 
-.200000000000000 
.400000000000000 
0.000000000000000 
.200000000000000 
.200000000000000 
0.000000000000000 
0.000000000000000 
.200000000000000 
-.200000000000000 
0.000000000000000 
.600000000000000 
.200000000000000 
.200000000000000 
.600000000000000 
0.000000000000000 
-.200000000000000 
.200000000000000 
0.000000000000000 
0.000000000000000 
-.200000000000000 
-.200000000000000 
0.000000000000000 
0.000000000000000 
-.200000000000000 
.200000000000000 
0.000000000000000 
.800000000000000 
-.200000000000000 
-.200000000000000 
.800000000000000 
0.000000000000000 
.200000000000000 
.200000000000000 
0.000000000000000 
0.000000000000000 
.200000000000000 
-.200000000000000 
0.000000000000000 
0.000000000000000 
.200000000000000 
.200000000000000 
0.000000000000000 
0.000000000000000 
.200000000000000 
-.200000000000000 
0.000000000000000 
1.000000000000000 
.200000000000000 
.200000000000000 
1.000000000000000 
# Section (5): Entries of the flux matrix for side III 
1.000000000000000 
1.000000000000000 
1.000000000000000 
1.000000000000000 
-.500000000000000 
0.000000000000000 
.500000000000000 
-.500000000000000 
.500000000000000 
-1.000000000000000 
.500000000000000 
.500000000000000 
.333333333333333 
0.000000000000000 
.333333333333333 
.333333333333333 
-.333333333333333 
0.000000000000000 
.333333333333333 
-.333333333333333 
.333333333333333 
1.000000000000000 
.333333333333333 
.333333333333333 
-.250000000000000 
0.000000000000000 
.250000000000000 
-.250000000000000 
.250000000000000 
0.000000000000000 
.250000000000000 
.250000000000000 
-.250000000000000 
0.000000000000000 
.250000000000000 
-.250000000000000 
.250000000000000 
-1.000000000000000 
.250000000000000 
.250000000000000 
.200000000000000 
0.000000000000000 
.200000000000000 
.200000000000000 
-.200000000000000 
0.000000000000000 
.200000000000000 
-.200000000000000 
.200000000000000 
0.000000000000000 
.200000000000000 
.200000000000000 
-.200000000000000 
0.000000000000000 
.200000000000000 
-.200000000000000 
.200000000000000 
1.000000000000000 
.200000000000000 
.200000000000000 
-.500000000000000 
-.500000000000000 
-.500000000000000 
-.500000000000000 
.333333333333333 
.166666666666667 
-.333333333333333 
.166666666666667 
0.000000000000000 
.500000000000000 
0.000000000000000 
-.500000000000000 
-.250000000000000 
0.000000000000000 
-.250000000000000 
-.083333333333333 
.083333333333333 
-.166666666666667 
-.083333333333333 
.250000000000000 
0.000000000000000 
-.500000000000000 
0.000000000000000 
-.333333333333333 
.200000000000000 
0.000000000000000 
-.200000000000000 
.050000000000000 
-.100000000000000 
0.000000000000000 
-.100000000000000 
-.150000000000000 
.033333333333333 
.166666666666667 
-.033333333333333 
.216666666666667 
0.000000000000000 
.500000000000000 
0.000000000000000 
-.250000000000000 
-.166666666666667 
0.000000000000000 
-.166666666666667 
-.033333333333333 
.100000000000000 
0.000000000000000 
-.100000000000000 
.100000000000000 
-.050000000000000 
0.000000000000000 
-.050000000000000 
-.150000000000000 
.016666666666667 
-.166666666666667 
-.016666666666667 
.183333333333333 
0.000000000000000 
-.500000000000000 
0.000000000000000 
-.200000000000000 
.500000000000000 
.500000000000000 
.500000000000000 
.500000000000000 
0.000000000000000 
.500000000000000 
0.000000000000000 
-.500000000000000 
1.000000000000000 
-.500000000000000 
1.000000000000000 
-.500000000000000 
-.083333333333333 
0.000000000000000 
-.083333333333333 
.416666666666667 
-.416666666666667 
-.500000000000000 
.416666666666667 
.083333333333333 
.666666666666667 
.500000000000000 
.666666666666667 
-.333333333333333 
.100000000000000 
0.000000000000000 
-.100000000000000 
-.350000000000000 
.200000000000000 
0.000000000000000 
.200000000000000 
.050000000000000 
-.400000000000000 
.500000000000000 
.400000000000000 
.150000000000000 
.500000000000000 
-.500000000000000 
.500000000000000 
-.250000000000000 
-.100000000000000 
0.000000000000000 
-.100000000000000 
.300000000000000 
-.100000000000000 
0.000000000000000 
.100000000000000 
-.100000000000000 
.250000000000000 
0.000000000000000 
.250000000000000 
-.050000000000000 
-.350000000000000 
-.500000000000000 
.350000000000000 
.150000000000000 
.400000000000000 
.500000000000000 
.400000000000000 
-.200000000000000 
.333333333333333 
.333333333333333 
.333333333333333 
.333333333333333 
-.250000000000000 
-.166666666666667 
.250000000000000 
-.083333333333333 
-.083333333333333 
-.333333333333333 
-.083333333333333 
.416666666666667 
.200000000000000 
.033333333333333 
.200000000000000 
.033333333333333 
0.000000000000000 
.166666666666667 
0.000000000000000 
-.166666666666667 
0.000000000000000 
.333333333333333 
0.000000000000000 
.333333333333333 
-.166666666666667 
0.000000000000000 
.166666666666667 
-.016666666666667 
.033333333333333 
-.033333333333333 
.033333333333333 
.083333333333333 
0.000000000000000 
-.166666666666667 
0.000000000000000 
-.183333333333333 
0.000000000000000 
-.333333333333333 
0.000000000000000 
.250000000000000 
.142857142857143 
0.000000000000000 
.142857142857143 
.009523809523810 
-.047619047619048 
0.000000000000000 
.047619047619048 
-.047619047619048 
.009523809523810 
.033333333333333 
.009523809523810 
.109523809523810 
0.000000000000000 
.166666666666667 
0.000000000000000 
-.166666666666667 
0.000000000000000 
.333333333333333 
0.000000000000000 
.200000000000000 
-.333333333333333 
-.333333333333333 
-.333333333333333 
-.333333333333333 
.083333333333333 
-.166666666666667 
-.083333333333333 
.250000000000000 
-.416666666666667 
.333333333333333 
-.416666666666667 
.083333333333333 
0.000000000000000 
.166666666666667 
0.000000000000000 
-.166666666666667 
.333333333333333 
.166666666666667 
-.333333333333333 
.166666666666667 
0.000000000000000 
-.333333333333333 
0.000000000000000 
.333333333333333 
-.033333333333333 
0.000000000000000 
.033333333333333 
.116666666666667 
-.233333333333333 
-.166666666666667 
-.233333333333333 
-.183333333333333 
.133333333333333 
-.166666666666667 
-.133333333333333 
-.050000000000000 
0.000000000000000 
.333333333333333 
0.000000000000000 
.250000000000000 
.047619047619048 
0.000000000000000 
.047619047619048 
-.085714285714286 
.161904761904762 
0.000000000000000 
-.161904761904762 
.161904761904762 
-.152380952380952 
.166666666666667 
-.152380952380952 
-.052380952380952 
.066666666666667 
.166666666666667 
-.066666666666667 
-.100000000000000 
0.000000000000000 
-.333333333333333 
0.000000000000000 
.200000000000000 
.333333333333333 
.333333333333333 
.333333333333333 
.333333333333333 
0.000000000000000 
.333333333333333 
0.000000000000000 
-.333333333333333 
.666666666666667 
-.333333333333333 
.666666666666667 
-.333333333333333 
0.000000000000000 
.333333333333333 
0.000000000000000 
.333333333333333 
0.000000000000000 
-.333333333333333 
0.000000000000000 
.333333333333333 
1.000000000000000 
.333333333333333 
1.000000000000000 
.333333333333333 
-.016666666666667 
0.000000000000000 
.016666666666667 
-.316666666666667 
-.116666666666667 
-.333333333333333 
-.116666666666667 
-.216666666666667 
-.350000000000000 
.333333333333333 
.350000000000000 
.016666666666667 
.750000000000000 
-.333333333333333 
.750000000000000 
.250000000000000 
.028571428571429 
0.000000000000000 
.028571428571429 
.295238095238095 
.123809523809524 
0.000000000000000 
-.123809523809524 
.123809523809524 
.095238095238095 
.333333333333333 
.095238095238095 
-.104761904761905 
-.400000000000000 
-.333333333333333 
.400000000000000 
-.066666666666667 
.600000000000000 
.333333333333333 
.600000000000000 
.200000000000000 
-.250000000000000 
-.250000000000000 
-.250000000000000 
-.250000000000000 
.200000000000000 
.150000000000000 
-.200000000000000 
.050000000000000 
.100000000000000 
.250000000000000 
.100000000000000 
-.350000000000000 
-.166666666666667 
-.050000000000000 
-.166666666666667 
-.016666666666667 
-.033333333333333 
-.150000000000000 
.033333333333333 
.116666666666667 
-.016666666666667 
-.250000000000000 
-.016666666666667 
-.316666666666667 
.142857142857143 
.007142857142857 
-.142857142857143 
.007142857142857 
0.000000000000000 
.050000000000000 
0.000000000000000 
-.050000000000000 
0.000000000000000 
.150000000000000 
0.000000000000000 
.150000000000000 
0.000000000000000 
.250000000000000 
0.000000000000000 
-.250000000000000 
-.125000000000000 
0.000000000000000 
-.125000000000000 
-.003571428571429 
.017857142857143 
-.007142857142857 
-.017857142857143 
.025000000000000 
0.000000000000000 
-.050000000000000 
0.000000000000000 
-.078571428571429 
0.000000000000000 
-.150000000000000 
0.000000000000000 
.150000000000000 
0.000000000000000 
-.250000000000000 
0.000000000000000 
-.200000000000000 
.250000000000000 
.250000000000000 
.250000000000000 
.250000000000000 
-.100000000000000 
.050000000000000 
.100000000000000 
-.150000000000000 
.200000000000000 
-.250000000000000 
.200000000000000 
.050000000000000 
.033333333333333 
-.150000000000000 
.033333333333333 
.083333333333333 
-.233333333333333 
-.050000000000000 
.233333333333333 
-.183333333333333 
-.116666666666667 
.250000000000000 
-.116666666666667 
-.216666666666667 
0.000000000000000 
.050000000000000 
0.000000000000000 
-.050000000000000 
.200000000000000 
.150000000000000 
.200000000000000 
.150000000000000 
0.000000000000000 
.050000000000000 
0.000000000000000 
-.050000000000000 
0.000000000000000 
-.250000000000000 
0.000000000000000 
-.250000000000000 
-.017857142857143 
0.000000000000000 
-.017857142857143 
.032142857142857 
-.160714285714286 
-.050000000000000 
.160714285714286 
-.110714285714286 
.057142857142857 
-.150000000000000 
.057142857142857 
.107142857142857 
0.000000000000000 
-.050000000000000 
0.000000000000000 
.050000000000000 
0.000000000000000 
.250000000000000 
0.000000000000000 
-.200000000000000 
-.250000000000000 
-.250000000000000 
-.250000000000000 
-.250000000000000 
.033333333333333 
-.183333333333333 
-.033333333333333 
.216666666666667 
-.400000000000000 
.250000000000000 
-.400000000000000 
.150000000000000 
0.000000000000000 
-.050000000000000 
0.000000000000000 
-.183333333333333 
.133333333333333 
.183333333333333 
-.133333333333333 
-.050000000000000 
-.350000000000000 
-.250000000000000 
-.350000000000000 
.016666666666667 
0.000000000000000 
.150000000000000 
0.000000000000000 
.150000000000000 
0.000000000000000 
.050000000000000 
0.000000000000000 
-.050000000000000 
.333333333333333 
-.183333333333333 
-.333333333333333 
-.183333333333333 
0.000000000000000 
.250000000000000 
0.000000000000000 
-.250000000000000 
-.005952380952381 
0.000000000000000 
-.005952380952381 
-.122619047619048 
-.053571428571429 
-.150000000000000 
.053571428571429 
.096428571428571 
-.214285714285714 
-.050000000000000 
-.214285714285714 
.135714285714286 
.166666666666667 
.183333333333333 
-.166666666666667 
-.016666666666667 
0.000000000000000 
-.250000000000000 
0.000000000000000 
-.200000000000000 
.250000000000000 
.250000000000000 
.250000000000000 
.250000000000000 
0.000000000000000 
.250000000000000 
0.000000000000000 
-.250000000000000 
.500000000000000 
-.250000000000000 
.500000000000000 
-.250000000000000 
0.000000000000000 
.250000000000000 
0.000000000000000 
.250000000000000 
0.000000000000000 
-.250000000000000 
0.000000000000000 
.250000000000000 
.750000000000000 
.250000000000000 
.750000000000000 
.250000000000000 
0.000000000000000 
.250000000000000 
0.000000000000000 
-.250000000000000 
0.000000000000000 
-.250000000000000 
0.000000000000000 
-.250000000000000 
0.000000000000000 
.250000000000000 
0.000000000000000 
-.250000000000000 
1.000000000000000 
-.250000000000000 
1.000000000000000 
-.250000000000000 
-.003571428571429 
0.000000000000000 
-.003571428571429 
.246428571428571 
-.032142857142857 
-.250000000000000 
.032142857142857 
.217857142857143 
-.128571428571429 
.250000000000000 
-.128571428571429 
.121428571428571 
-.300000000000000 
-.250000000000000 
.300000000000000 
-.050000000000000 
.800000000000000 
.250000000000000 
.800000000000000 
-.200000000000000 
.200000000000000 
.200000000000000 
.200000000000000 
.200000000000000 
-.166666666666667 
-.133333333333333 
.166666666666667 
-.033333333333333 
-.100000000000000 
-.200000000000000 
-.100000000000000 
.300000000000000 
.142857142857143 
.057142857142857 
.142857142857143 
.009523809523810 
.047619047619048 
.133333333333333 
-.047619047619048 
-.085714285714286 
.028571428571429 
.200000000000000 
.028571428571429 
.295238095238095 
-.125000000000000 
-.014285714285714 
.125000000000000 
-.003571428571429 
-.017857142857143 
-.057142857142857 
-.017857142857143 
.032142857142857 
-.005952380952381 
-.133333333333333 
.005952380952381 
-.122619047619048 
-.003571428571429 
-.200000000000000 
-.003571428571429 
.246428571428571 
.111111111111111 
.001587301587302 
.111111111111111 
.001587301587302 
0.000000000000000 
.014285714285714 
0.000000000000000 
-.014285714285714 
0.000000000000000 
.057142857142857 
0.000000000000000 
.057142857142857 
0.000000000000000 
.133333333333333 
0.000000000000000 
-.133333333333333 
0.000000000000000 
.200000000000000 
0.000000000000000 
.200000000000000 
-.200000000000000 
-.200000000000000 
-.200000000000000 
-.200000000000000 
.100000000000000 
0.000000000000000 
-.100000000000000 
.100000000000000 
-.100000000000000 
.200000000000000 
-.100000000000000 
-.100000000000000 
-.047619047619048 
.114285714285714 
-.047619047619048 
-.047619047619048 
.161904761904762 
0.000000000000000 
-.161904761904762 
.161904761904762 
.123809523809524 
-.200000000000000 
.123809523809524 
.123809523809524 
.017857142857143 
-.071428571428571 
-.017857142857143 
.025000000000000 
-.160714285714286 
-.114285714285714 
-.160714285714286 
-.110714285714286 
-.053571428571429 
0.000000000000000 
.053571428571429 
.096428571428571 
-.032142857142857 
.200000000000000 
-.032142857142857 
.217857142857143 
0.000000000000000 
.014285714285714 
0.000000000000000 
-.014285714285714 
.142857142857143 
.071428571428571 
-.142857142857143 
.071428571428571 
0.000000000000000 
.114285714285714 
0.000000000000000 
-.114285714285714 
0.000000000000000 
0.000000000000000 
0.000000000000000 
0.000000000000000 
0.000000000000000 
-.200000000000000 
0.000000000000000 
.200000000000000 
.200000000000000 
.200000000000000 
.200000000000000 
.200000000000000 
-.050000000000000 
.100000000000000 
.050000000000000 
-.150000000000000 
.250000000000000 
-.200000000000000 
.250000000000000 
-.050000000000000 
.009523809523810 
-.042857142857143 
.009523809523810 
.109523809523810 
-.152380952380952 
-.100000000000000 
.152380952380952 
-.052380952380952 
.095238095238095 
.200000000000000 
.095238095238095 
-.104761904761905 
0.000000000000000 
-.114285714285714 
0.000000000000000 
-.078571428571429 
.057142857142857 
.042857142857143 
.057142857142857 
.107142857142857 
-.214285714285714 
.100000000000000 
.214285714285714 
.135714285714286 
-.128571428571429 
-.200000000000000 
-.128571428571429 
.121428571428571 
0.000000000000000 
.057142857142857 
0.000000000000000 
.057142857142857 
0.000000000000000 
.114285714285714 
0.000000000000000 
-.114285714285714 
.200000000000000 
-.042857142857143 
.200000000000000 
-.042857142857143 
0.000000000000000 
-.100000000000000 
0.000000000000000 
.100000000000000 
0.000000000000000 
.200000000000000 
0.000000000000000 
.200000000000000 
-.200000000000000 
-.200000000000000 
-.200000000000000 
-.200000000000000 
.016666666666667 
-.166666666666667 
-.016666666666667 
.183333333333333 
-.350000000000000 
.200000000000000 
-.350000000000000 
.150000000000000 
0.000000000000000 
-.100000000000000 
0.000000000000000 
-.166666666666667 
.066666666666667 
.166666666666667 
-.066666666666667 
-.100000000000000 
-.400000000000000 
-.200000000000000 
-.400000000000000 
-.066666666666667 
0.000000000000000 
0.000000000000000 
0.000000000000000 
.150000000000000 
0.000000000000000 
.100000000000000 
0.000000000000000 
.050000000000000 
.166666666666667 
-.166666666666667 
-.166666666666667 
-.016666666666667 
-.300000000000000 
.200000000000000 
-.300000000000000 
-.050000000000000 
0.000000000000000 
.133333333333333 
0.000000000000000 
-.133333333333333 
0.000000000000000 
0.000000000000000 
0.000000000000000 
0.000000000000000 
0.000000000000000 
-.100000000000000 
0.000000000000000 
.100000000000000 
.333333333333333 
.166666666666667 
-.333333333333333 
.166666666666667 
0.000000000000000 
-.200000000000000 
0.000000000000000 
.200000000000000 
.200000000000000 
.200000000000000 
.200000000000000 
.200000000000000 
0.000000000000000 
.200000000000000 
0.000000000000000 
-.200000000000000 
.400000000000000 
-.200000000000000 
.400000000000000 
-.200000000000000 
0.000000000000000 
.200000000000000 
0.000000000000000 
.200000000000000 
0.000000000000000 
-.200000000000000 
0.000000000000000 
.200000000000000 
.600000000000000 
.200000000000000 
.600000000000000 
.200000000000000 
0.000000000000000 
.200000000000000 
0.000000000000000 
-.200000000000000 
0.000000000000000 
-.200000000000000 
0.000000000000000 
-.200000000000000 
0.000000000000000 
.200000000000000 
0.000000000000000 
-.200000000000000 
.800000000000000 
-.200000000000000 
.800000000000000 
-.200000000000000 
0.000000000000000 
.200000000000000 
0.000000000000000 
.200000000000000 
0.000000000000000 
-.200000000000000 
0.000000000000000 
.200000000000000 
0.000000000000000 
.200000000000000 
0.000000000000000 
.200000000000000 
0.000000000000000 
-.200000000000000 
0.000000000000000 
.200000000000000 
1.000000000000000 
.200000000000000 
1.000000000000000 
.200000000000000 
