# Section (1): Entries of the xi stiffness matrix 
0.00000000000000000000e-01 
0.00000000000000000000e-01 
0.00000000000000000000e-01 
0.00000000000000000000e-01 
3.33333333333333333300e-01 
0.00000000000000000000e-01 
0.00000000000000000000e-01 
0.00000000000000000000e-01 
0.00000000000000000000e-01 
0.00000000000000000000e-01 
0.00000000000000000000e-01 
0.00000000000000000000e-01 
0.00000000000000000000e-01 
0.00000000000000000000e-01 
0.00000000000000000000e-01 
0.00000000000000000000e-01 
# Section (2): Entries of the eta stiffness matrix 
0.00000000000000000000e-01 
0.00000000000000000000e-01 
0.00000000000000000000e-01 
0.00000000000000000000e-01 
1.66666666666666666700e-01 
0.00000000000000000000e-01 
0.00000000000000000000e-01 
0.00000000000000000000e-01 
5.00000000000000000000e-01 
0.00000000000000000000e-01 
0.00000000000000000000e-01 
0.00000000000000000000e-01 
0.00000000000000000000e-01 
0.00000000000000000000e-01 
0.00000000000000000000e-01 
0.00000000000000000000e-01 
# Section (3): Entries of the zeta stiffness matrix 
0.00000000000000000000e-01 
0.00000000000000000000e-01 
0.00000000000000000000e-01 
0.00000000000000000000e-01 
1.66666666666666666700e-01 
0.00000000000000000000e-01 
0.00000000000000000000e-01 
0.00000000000000000000e-01 
1.66666666666666666700e-01 
0.00000000000000000000e-01 
0.00000000000000000000e-01 
0.00000000000000000000e-01 
6.66666666666666666700e-01 
0.00000000000000000000e-01 
0.00000000000000000000e-01 
0.00000000000000000000e-01 
# Section (4): Entries of the flux matrix for side I 
5.00000000000000000000e-01 
0.00000000000000000000e-01 
0.00000000000000000000e-01 
-5.00000000000000000000e-01 
0.00000000000000000000e-01 
8.33333333333333333300e-02 
0.00000000000000000000e-01 
0.00000000000000000000e-01 
0.00000000000000000000e-01 
0.00000000000000000000e-01 
2.50000000000000000000e-01 
0.00000000000000000000e-01 
-5.00000000000000000000e-01 
0.00000000000000000000e-01 
0.00000000000000000000e-01 
5.00000000000000000000e-01 
5.00000000000000000000e-01 
0.00000000000000000000e-01 
0.00000000000000000000e-01 
-5.00000000000000000000e-01 
0.00000000000000000000e-01 
4.16666666666666666700e-02 
1.25000000000000000000e-01 
0.00000000000000000000e-01 
0.00000000000000000000e-01 
1.25000000000000000000e-01 
-1.25000000000000000000e-01 
0.00000000000000000000e-01 
-5.00000000000000000000e-01 
0.00000000000000000000e-01 
0.00000000000000000000e-01 
5.00000000000000000000e-01 
5.00000000000000000000e-01 
0.00000000000000000000e-01 
0.00000000000000000000e-01 
-5.00000000000000000000e-01 
0.00000000000000000000e-01 
4.16666666666666666700e-02 
-1.25000000000000000000e-01 
0.00000000000000000000e-01 
0.00000000000000000000e-01 
-1.25000000000000000000e-01 
-1.25000000000000000000e-01 
0.00000000000000000000e-01 
-5.00000000000000000000e-01 
0.00000000000000000000e-01 
0.00000000000000000000e-01 
5.00000000000000000000e-01 
5.00000000000000000000e-01 
0.00000000000000000000e-01 
0.00000000000000000000e-01 
-5.00000000000000000000e-01 
0.00000000000000000000e-01 
-8.33333333333333333300e-02 
0.00000000000000000000e-01 
0.00000000000000000000e-01 
0.00000000000000000000e-01 
0.00000000000000000000e-01 
2.50000000000000000000e-01 
0.00000000000000000000e-01 
-5.00000000000000000000e-01 
0.00000000000000000000e-01 
0.00000000000000000000e-01 
5.00000000000000000000e-01 
5.00000000000000000000e-01 
0.00000000000000000000e-01 
-3.33333333333333333300e-01 
1.66666666666666666700e-01 
0.00000000000000000000e-01 
8.33333333333333333300e-02 
0.00000000000000000000e-01 
0.00000000000000000000e-01 
0.00000000000000000000e-01 
0.00000000000000000000e-01 
8.33333333333333333300e-02 
3.33333333333333333300e-01 
-5.00000000000000000000e-01 
0.00000000000000000000e-01 
3.33333333333333333300e-01 
-1.66666666666666666700e-01 
5.00000000000000000000e-01 
0.00000000000000000000e-01 
-3.33333333333333333300e-01 
1.66666666666666666700e-01 
0.00000000000000000000e-01 
-4.16666666666666666700e-02 
4.16666666666666666700e-02 
1.66666666666666666700e-01 
0.00000000000000000000e-01 
-1.25000000000000000000e-01 
-4.16666666666666666700e-02 
-1.66666666666666666700e-01 
-5.00000000000000000000e-01 
0.00000000000000000000e-01 
3.33333333333333333300e-01 
-1.66666666666666666700e-01 
5.00000000000000000000e-01 
0.00000000000000000000e-01 
-3.33333333333333333300e-01 
1.66666666666666666700e-01 
0.00000000000000000000e-01 
-4.16666666666666666700e-02 
-4.16666666666666666700e-02 
-1.66666666666666666700e-01 
0.00000000000000000000e-01 
1.25000000000000000000e-01 
-4.16666666666666666700e-02 
-1.66666666666666666700e-01 
-5.00000000000000000000e-01 
0.00000000000000000000e-01 
3.33333333333333333300e-01 
-1.66666666666666666700e-01 
5.00000000000000000000e-01 
-1.66666666666666666700e-01 
1.66666666666666666700e-01 
1.66666666666666666700e-01 
0.00000000000000000000e-01 
4.16666666666666666700e-02 
4.16666666666666666700e-02 
1.66666666666666666700e-01 
0.00000000000000000000e-01 
4.16666666666666666700e-02 
2.08333333333333333300e-01 
-1.66666666666666666700e-01 
-5.00000000000000000000e-01 
1.66666666666666666700e-01 
-1.66666666666666666700e-01 
-1.66666666666666666700e-01 
5.00000000000000000000e-01 
-1.66666666666666666700e-01 
1.66666666666666666700e-01 
1.66666666666666666700e-01 
0.00000000000000000000e-01 
0.00000000000000000000e-01 
8.33333333333333333300e-02 
-1.66666666666666666700e-01 
0.00000000000000000000e-01 
-8.33333333333333333300e-02 
-1.66666666666666666700e-01 
-1.66666666666666666700e-01 
-5.00000000000000000000e-01 
1.66666666666666666700e-01 
-1.66666666666666666700e-01 
-1.66666666666666666700e-01 
5.00000000000000000000e-01 
-1.66666666666666666700e-01 
1.66666666666666666700e-01 
1.66666666666666666700e-01 
0.00000000000000000000e-01 
-4.16666666666666666700e-02 
-1.25000000000000000000e-01 
0.00000000000000000000e-01 
0.00000000000000000000e-01 
4.16666666666666666700e-02 
-4.16666666666666666700e-02 
3.33333333333333333300e-01 
-5.00000000000000000000e-01 
1.66666666666666666700e-01 
-1.66666666666666666700e-01 
-1.66666666666666666700e-01 
5.00000000000000000000e-01 
1.66666666666666666700e-01 
1.66666666666666666700e-01 
1.66666666666666666700e-01 
0.00000000000000000000e-01 
-4.16666666666666666700e-02 
1.25000000000000000000e-01 
0.00000000000000000000e-01 
0.00000000000000000000e-01 
-4.16666666666666666700e-02 
-4.16666666666666666700e-02 
3.33333333333333333300e-01 
-5.00000000000000000000e-01 
-1.66666666666666666700e-01 
-1.66666666666666666700e-01 
-1.66666666666666666700e-01 
5.00000000000000000000e-01 
1.66666666666666666700e-01 
1.66666666666666666700e-01 
1.66666666666666666700e-01 
0.00000000000000000000e-01 
0.00000000000000000000e-01 
-8.33333333333333333300e-02 
1.66666666666666666700e-01 
0.00000000000000000000e-01 
8.33333333333333333300e-02 
-1.66666666666666666700e-01 
-1.66666666666666666700e-01 
-5.00000000000000000000e-01 
-1.66666666666666666700e-01 
-1.66666666666666666700e-01 
-1.66666666666666666700e-01 
5.00000000000000000000e-01 
1.66666666666666666700e-01 
1.66666666666666666700e-01 
1.66666666666666666700e-01 
0.00000000000000000000e-01 
4.16666666666666666700e-02 
-4.16666666666666666700e-02 
-1.66666666666666666700e-01 
0.00000000000000000000e-01 
-4.16666666666666666700e-02 
2.08333333333333333300e-01 
-1.66666666666666666700e-01 
-5.00000000000000000000e-01 
-1.66666666666666666700e-01 
-1.66666666666666666700e-01 
-1.66666666666666666700e-01 
# Section (5): Entries of the flux matrix for side II 
5.00000000000000000000e-01 
0.00000000000000000000e-01 
-3.33333333333333333300e-01 
1.66666666666666666700e-01 
0.00000000000000000000e-01 
8.33333333333333333300e-02 
0.00000000000000000000e-01 
0.00000000000000000000e-01 
-3.33333333333333333300e-01 
0.00000000000000000000e-01 
2.50000000000000000000e-01 
0.00000000000000000000e-01 
1.66666666666666666700e-01 
0.00000000000000000000e-01 
0.00000000000000000000e-01 
5.00000000000000000000e-01 
5.00000000000000000000e-01 
0.00000000000000000000e-01 
0.00000000000000000000e-01 
-5.00000000000000000000e-01 
0.00000000000000000000e-01 
8.33333333333333333300e-02 
0.00000000000000000000e-01 
0.00000000000000000000e-01 
-3.33333333333333333300e-01 
0.00000000000000000000e-01 
8.33333333333333333300e-02 
3.33333333333333333300e-01 
1.66666666666666666700e-01 
0.00000000000000000000e-01 
3.33333333333333333300e-01 
-1.66666666666666666700e-01 
5.00000000000000000000e-01 
0.00000000000000000000e-01 
0.00000000000000000000e-01 
-5.00000000000000000000e-01 
0.00000000000000000000e-01 
-4.16666666666666666700e-02 
-1.25000000000000000000e-01 
0.00000000000000000000e-01 
-3.33333333333333333300e-01 
4.16666666666666666700e-02 
-4.16666666666666666700e-02 
3.33333333333333333300e-01 
1.66666666666666666700e-01 
1.66666666666666666700e-01 
-1.66666666666666666700e-01 
-1.66666666666666666700e-01 
5.00000000000000000000e-01 
0.00000000000000000000e-01 
0.00000000000000000000e-01 
-5.00000000000000000000e-01 
0.00000000000000000000e-01 
-4.16666666666666666700e-02 
1.25000000000000000000e-01 
0.00000000000000000000e-01 
-3.33333333333333333300e-01 
-4.16666666666666666700e-02 
-4.16666666666666666700e-02 
3.33333333333333333300e-01 
1.66666666666666666700e-01 
-1.66666666666666666700e-01 
-1.66666666666666666700e-01 
-1.66666666666666666700e-01 
5.00000000000000000000e-01 
0.00000000000000000000e-01 
-3.33333333333333333300e-01 
1.66666666666666666700e-01 
0.00000000000000000000e-01 
4.16666666666666666700e-02 
4.16666666666666666700e-02 
1.66666666666666666700e-01 
-3.33333333333333333300e-01 
4.16666666666666666700e-02 
2.08333333333333333300e-01 
-1.66666666666666666700e-01 
1.66666666666666666700e-01 
1.66666666666666666700e-01 
-1.66666666666666666700e-01 
-1.66666666666666666700e-01 
5.00000000000000000000e-01 
0.00000000000000000000e-01 
-3.33333333333333333300e-01 
1.66666666666666666700e-01 
0.00000000000000000000e-01 
-8.33333333333333333300e-02 
0.00000000000000000000e-01 
0.00000000000000000000e-01 
-3.33333333333333333300e-01 
0.00000000000000000000e-01 
2.50000000000000000000e-01 
0.00000000000000000000e-01 
1.66666666666666666700e-01 
0.00000000000000000000e-01 
0.00000000000000000000e-01 
5.00000000000000000000e-01 
5.00000000000000000000e-01 
0.00000000000000000000e-01 
-3.33333333333333333300e-01 
1.66666666666666666700e-01 
0.00000000000000000000e-01 
4.16666666666666666700e-02 
-4.16666666666666666700e-02 
-1.66666666666666666700e-01 
-3.33333333333333333300e-01 
-4.16666666666666666700e-02 
2.08333333333333333300e-01 
-1.66666666666666666700e-01 
1.66666666666666666700e-01 
-1.66666666666666666700e-01 
-1.66666666666666666700e-01 
-1.66666666666666666700e-01 
5.00000000000000000000e-01 
-1.66666666666666666700e-01 
1.66666666666666666700e-01 
1.66666666666666666700e-01 
0.00000000000000000000e-01 
4.16666666666666666700e-02 
1.25000000000000000000e-01 
0.00000000000000000000e-01 
-3.33333333333333333300e-01 
1.25000000000000000000e-01 
-1.25000000000000000000e-01 
0.00000000000000000000e-01 
1.66666666666666666700e-01 
0.00000000000000000000e-01 
0.00000000000000000000e-01 
5.00000000000000000000e-01 
5.00000000000000000000e-01 
-1.66666666666666666700e-01 
1.66666666666666666700e-01 
1.66666666666666666700e-01 
0.00000000000000000000e-01 
-4.16666666666666666700e-02 
-4.16666666666666666700e-02 
-1.66666666666666666700e-01 
-3.33333333333333333300e-01 
1.25000000000000000000e-01 
-4.16666666666666666700e-02 
-1.66666666666666666700e-01 
1.66666666666666666700e-01 
0.00000000000000000000e-01 
3.33333333333333333300e-01 
-1.66666666666666666700e-01 
5.00000000000000000000e-01 
-1.66666666666666666700e-01 
1.66666666666666666700e-01 
1.66666666666666666700e-01 
0.00000000000000000000e-01 
0.00000000000000000000e-01 
-8.33333333333333333300e-02 
1.66666666666666666700e-01 
-3.33333333333333333300e-01 
8.33333333333333333300e-02 
-1.66666666666666666700e-01 
-1.66666666666666666700e-01 
1.66666666666666666700e-01 
-1.66666666666666666700e-01 
-1.66666666666666666700e-01 
-1.66666666666666666700e-01 
5.00000000000000000000e-01 
1.66666666666666666700e-01 
1.66666666666666666700e-01 
1.66666666666666666700e-01 
0.00000000000000000000e-01 
-4.16666666666666666700e-02 
4.16666666666666666700e-02 
1.66666666666666666700e-01 
-3.33333333333333333300e-01 
-1.25000000000000000000e-01 
-4.16666666666666666700e-02 
-1.66666666666666666700e-01 
1.66666666666666666700e-01 
0.00000000000000000000e-01 
3.33333333333333333300e-01 
-1.66666666666666666700e-01 
5.00000000000000000000e-01 
1.66666666666666666700e-01 
1.66666666666666666700e-01 
1.66666666666666666700e-01 
0.00000000000000000000e-01 
4.16666666666666666700e-02 
-1.25000000000000000000e-01 
0.00000000000000000000e-01 
-3.33333333333333333300e-01 
-1.25000000000000000000e-01 
-1.25000000000000000000e-01 
0.00000000000000000000e-01 
1.66666666666666666700e-01 
0.00000000000000000000e-01 
0.00000000000000000000e-01 
5.00000000000000000000e-01 
5.00000000000000000000e-01 
1.66666666666666666700e-01 
1.66666666666666666700e-01 
1.66666666666666666700e-01 
0.00000000000000000000e-01 
0.00000000000000000000e-01 
8.33333333333333333300e-02 
-1.66666666666666666700e-01 
-3.33333333333333333300e-01 
-8.33333333333333333300e-02 
-1.66666666666666666700e-01 
-1.66666666666666666700e-01 
1.66666666666666666700e-01 
1.66666666666666666700e-01 
-1.66666666666666666700e-01 
-1.66666666666666666700e-01 
# Section (6): Entries of the flux matrix for side III 
5.00000000000000000000e-01 
-1.66666666666666666700e-01 
1.66666666666666666700e-01 
1.66666666666666666700e-01 
-1.66666666666666666700e-01 
8.33333333333333333300e-02 
0.00000000000000000000e-01 
0.00000000000000000000e-01 
1.66666666666666666700e-01 
0.00000000000000000000e-01 
2.50000000000000000000e-01 
0.00000000000000000000e-01 
1.66666666666666666700e-01 
0.00000000000000000000e-01 
0.00000000000000000000e-01 
5.00000000000000000000e-01 
5.00000000000000000000e-01 
0.00000000000000000000e-01 
0.00000000000000000000e-01 
-5.00000000000000000000e-01 
-1.66666666666666666700e-01 
4.16666666666666666700e-02 
4.16666666666666666700e-02 
1.66666666666666666700e-01 
1.66666666666666666700e-01 
4.16666666666666666700e-02 
2.08333333333333333300e-01 
-1.66666666666666666700e-01 
1.66666666666666666700e-01 
1.66666666666666666700e-01 
-1.66666666666666666700e-01 
-1.66666666666666666700e-01 
5.00000000000000000000e-01 
0.00000000000000000000e-01 
0.00000000000000000000e-01 
-5.00000000000000000000e-01 
-1.66666666666666666700e-01 
0.00000000000000000000e-01 
-8.33333333333333333300e-02 
1.66666666666666666700e-01 
1.66666666666666666700e-01 
8.33333333333333333300e-02 
-1.66666666666666666700e-01 
-1.66666666666666666700e-01 
1.66666666666666666700e-01 
-1.66666666666666666700e-01 
-1.66666666666666666700e-01 
-1.66666666666666666700e-01 
5.00000000000000000000e-01 
0.00000000000000000000e-01 
0.00000000000000000000e-01 
-5.00000000000000000000e-01 
-1.66666666666666666700e-01 
-4.16666666666666666700e-02 
4.16666666666666666700e-02 
1.66666666666666666700e-01 
1.66666666666666666700e-01 
-1.25000000000000000000e-01 
-4.16666666666666666700e-02 
-1.66666666666666666700e-01 
1.66666666666666666700e-01 
0.00000000000000000000e-01 
3.33333333333333333300e-01 
-1.66666666666666666700e-01 
5.00000000000000000000e-01 
0.00000000000000000000e-01 
-3.33333333333333333300e-01 
1.66666666666666666700e-01 
-1.66666666666666666700e-01 
4.16666666666666666700e-02 
1.25000000000000000000e-01 
0.00000000000000000000e-01 
1.66666666666666666700e-01 
1.25000000000000000000e-01 
-1.25000000000000000000e-01 
0.00000000000000000000e-01 
1.66666666666666666700e-01 
0.00000000000000000000e-01 
0.00000000000000000000e-01 
5.00000000000000000000e-01 
5.00000000000000000000e-01 
0.00000000000000000000e-01 
-3.33333333333333333300e-01 
1.66666666666666666700e-01 
-1.66666666666666666700e-01 
-4.16666666666666666700e-02 
1.25000000000000000000e-01 
0.00000000000000000000e-01 
1.66666666666666666700e-01 
-4.16666666666666666700e-02 
-4.16666666666666666700e-02 
3.33333333333333333300e-01 
1.66666666666666666700e-01 
-1.66666666666666666700e-01 
-1.66666666666666666700e-01 
-1.66666666666666666700e-01 
5.00000000000000000000e-01 
0.00000000000000000000e-01 
-3.33333333333333333300e-01 
1.66666666666666666700e-01 
-1.66666666666666666700e-01 
0.00000000000000000000e-01 
8.33333333333333333300e-02 
-1.66666666666666666700e-01 
1.66666666666666666700e-01 
-8.33333333333333333300e-02 
-1.66666666666666666700e-01 
-1.66666666666666666700e-01 
1.66666666666666666700e-01 
1.66666666666666666700e-01 
-1.66666666666666666700e-01 
-1.66666666666666666700e-01 
5.00000000000000000000e-01 
-1.66666666666666666700e-01 
1.66666666666666666700e-01 
1.66666666666666666700e-01 
-1.66666666666666666700e-01 
8.33333333333333333300e-02 
0.00000000000000000000e-01 
0.00000000000000000000e-01 
1.66666666666666666700e-01 
0.00000000000000000000e-01 
8.33333333333333333300e-02 
3.33333333333333333300e-01 
1.66666666666666666700e-01 
0.00000000000000000000e-01 
3.33333333333333333300e-01 
-1.66666666666666666700e-01 
5.00000000000000000000e-01 
-1.66666666666666666700e-01 
1.66666666666666666700e-01 
1.66666666666666666700e-01 
-1.66666666666666666700e-01 
4.16666666666666666700e-02 
-4.16666666666666666700e-02 
-1.66666666666666666700e-01 
1.66666666666666666700e-01 
-4.16666666666666666700e-02 
2.08333333333333333300e-01 
-1.66666666666666666700e-01 
1.66666666666666666700e-01 
-1.66666666666666666700e-01 
-1.66666666666666666700e-01 
-1.66666666666666666700e-01 
5.00000000000000000000e-01 
-1.66666666666666666700e-01 
1.66666666666666666700e-01 
1.66666666666666666700e-01 
-1.66666666666666666700e-01 
4.16666666666666666700e-02 
-1.25000000000000000000e-01 
0.00000000000000000000e-01 
1.66666666666666666700e-01 
-1.25000000000000000000e-01 
-1.25000000000000000000e-01 
0.00000000000000000000e-01 
1.66666666666666666700e-01 
0.00000000000000000000e-01 
0.00000000000000000000e-01 
5.00000000000000000000e-01 
5.00000000000000000000e-01 
1.66666666666666666700e-01 
1.66666666666666666700e-01 
1.66666666666666666700e-01 
-1.66666666666666666700e-01 
-8.33333333333333333300e-02 
0.00000000000000000000e-01 
0.00000000000000000000e-01 
1.66666666666666666700e-01 
0.00000000000000000000e-01 
2.50000000000000000000e-01 
0.00000000000000000000e-01 
1.66666666666666666700e-01 
0.00000000000000000000e-01 
0.00000000000000000000e-01 
5.00000000000000000000e-01 
5.00000000000000000000e-01 
1.66666666666666666700e-01 
1.66666666666666666700e-01 
1.66666666666666666700e-01 
-1.66666666666666666700e-01 
-4.16666666666666666700e-02 
-1.25000000000000000000e-01 
0.00000000000000000000e-01 
1.66666666666666666700e-01 
4.16666666666666666700e-02 
-4.16666666666666666700e-02 
3.33333333333333333300e-01 
1.66666666666666666700e-01 
1.66666666666666666700e-01 
-1.66666666666666666700e-01 
-1.66666666666666666700e-01 
5.00000000000000000000e-01 
1.66666666666666666700e-01 
1.66666666666666666700e-01 
1.66666666666666666700e-01 
-1.66666666666666666700e-01 
-4.16666666666666666700e-02 
-4.16666666666666666700e-02 
-1.66666666666666666700e-01 
1.66666666666666666700e-01 
1.25000000000000000000e-01 
-4.16666666666666666700e-02 
-1.66666666666666666700e-01 
1.66666666666666666700e-01 
0.00000000000000000000e-01 
3.33333333333333333300e-01 
-1.66666666666666666700e-01 
# Section (7): Entries of the flux matrix for side IV 
5.00000000000000000000e-01 
1.66666666666666666700e-01 
1.66666666666666666700e-01 
1.66666666666666666700e-01 
1.66666666666666666700e-01 
8.33333333333333333300e-02 
0.00000000000000000000e-01 
0.00000000000000000000e-01 
1.66666666666666666700e-01 
0.00000000000000000000e-01 
2.50000000000000000000e-01 
0.00000000000000000000e-01 
1.66666666666666666700e-01 
0.00000000000000000000e-01 
0.00000000000000000000e-01 
5.00000000000000000000e-01 
5.00000000000000000000e-01 
0.00000000000000000000e-01 
0.00000000000000000000e-01 
-5.00000000000000000000e-01 
1.66666666666666666700e-01 
-4.16666666666666666700e-02 
-4.16666666666666666700e-02 
-1.66666666666666666700e-01 
1.66666666666666666700e-01 
1.25000000000000000000e-01 
-4.16666666666666666700e-02 
-1.66666666666666666700e-01 
1.66666666666666666700e-01 
0.00000000000000000000e-01 
3.33333333333333333300e-01 
-1.66666666666666666700e-01 
5.00000000000000000000e-01 
0.00000000000000000000e-01 
0.00000000000000000000e-01 
-5.00000000000000000000e-01 
1.66666666666666666700e-01 
0.00000000000000000000e-01 
8.33333333333333333300e-02 
-1.66666666666666666700e-01 
1.66666666666666666700e-01 
-8.33333333333333333300e-02 
-1.66666666666666666700e-01 
-1.66666666666666666700e-01 
1.66666666666666666700e-01 
1.66666666666666666700e-01 
-1.66666666666666666700e-01 
-1.66666666666666666700e-01 
5.00000000000000000000e-01 
0.00000000000000000000e-01 
0.00000000000000000000e-01 
-5.00000000000000000000e-01 
1.66666666666666666700e-01 
4.16666666666666666700e-02 
-4.16666666666666666700e-02 
-1.66666666666666666700e-01 
1.66666666666666666700e-01 
-4.16666666666666666700e-02 
2.08333333333333333300e-01 
-1.66666666666666666700e-01 
1.66666666666666666700e-01 
-1.66666666666666666700e-01 
-1.66666666666666666700e-01 
-1.66666666666666666700e-01 
5.00000000000000000000e-01 
0.00000000000000000000e-01 
-3.33333333333333333300e-01 
1.66666666666666666700e-01 
1.66666666666666666700e-01 
-4.16666666666666666700e-02 
-1.25000000000000000000e-01 
0.00000000000000000000e-01 
1.66666666666666666700e-01 
4.16666666666666666700e-02 
-4.16666666666666666700e-02 
3.33333333333333333300e-01 
1.66666666666666666700e-01 
1.66666666666666666700e-01 
-1.66666666666666666700e-01 
-1.66666666666666666700e-01 
5.00000000000000000000e-01 
0.00000000000000000000e-01 
-3.33333333333333333300e-01 
1.66666666666666666700e-01 
1.66666666666666666700e-01 
4.16666666666666666700e-02 
-1.25000000000000000000e-01 
0.00000000000000000000e-01 
1.66666666666666666700e-01 
-1.25000000000000000000e-01 
-1.25000000000000000000e-01 
0.00000000000000000000e-01 
1.66666666666666666700e-01 
0.00000000000000000000e-01 
0.00000000000000000000e-01 
5.00000000000000000000e-01 
5.00000000000000000000e-01 
0.00000000000000000000e-01 
-3.33333333333333333300e-01 
1.66666666666666666700e-01 
1.66666666666666666700e-01 
0.00000000000000000000e-01 
-8.33333333333333333300e-02 
1.66666666666666666700e-01 
1.66666666666666666700e-01 
8.33333333333333333300e-02 
-1.66666666666666666700e-01 
-1.66666666666666666700e-01 
1.66666666666666666700e-01 
-1.66666666666666666700e-01 
-1.66666666666666666700e-01 
-1.66666666666666666700e-01 
5.00000000000000000000e-01 
-1.66666666666666666700e-01 
1.66666666666666666700e-01 
1.66666666666666666700e-01 
1.66666666666666666700e-01 
-8.33333333333333333300e-02 
0.00000000000000000000e-01 
0.00000000000000000000e-01 
1.66666666666666666700e-01 
0.00000000000000000000e-01 
2.50000000000000000000e-01 
0.00000000000000000000e-01 
1.66666666666666666700e-01 
0.00000000000000000000e-01 
0.00000000000000000000e-01 
5.00000000000000000000e-01 
5.00000000000000000000e-01 
-1.66666666666666666700e-01 
1.66666666666666666700e-01 
1.66666666666666666700e-01 
1.66666666666666666700e-01 
-4.16666666666666666700e-02 
4.16666666666666666700e-02 
1.66666666666666666700e-01 
1.66666666666666666700e-01 
-1.25000000000000000000e-01 
-4.16666666666666666700e-02 
-1.66666666666666666700e-01 
1.66666666666666666700e-01 
0.00000000000000000000e-01 
3.33333333333333333300e-01 
-1.66666666666666666700e-01 
5.00000000000000000000e-01 
-1.66666666666666666700e-01 
1.66666666666666666700e-01 
1.66666666666666666700e-01 
1.66666666666666666700e-01 
-4.16666666666666666700e-02 
1.25000000000000000000e-01 
0.00000000000000000000e-01 
1.66666666666666666700e-01 
-4.16666666666666666700e-02 
-4.16666666666666666700e-02 
3.33333333333333333300e-01 
1.66666666666666666700e-01 
-1.66666666666666666700e-01 
-1.66666666666666666700e-01 
-1.66666666666666666700e-01 
5.00000000000000000000e-01 
1.66666666666666666700e-01 
1.66666666666666666700e-01 
1.66666666666666666700e-01 
1.66666666666666666700e-01 
8.33333333333333333300e-02 
0.00000000000000000000e-01 
0.00000000000000000000e-01 
1.66666666666666666700e-01 
0.00000000000000000000e-01 
8.33333333333333333300e-02 
3.33333333333333333300e-01 
1.66666666666666666700e-01 
0.00000000000000000000e-01 
3.33333333333333333300e-01 
-1.66666666666666666700e-01 
5.00000000000000000000e-01 
1.66666666666666666700e-01 
1.66666666666666666700e-01 
1.66666666666666666700e-01 
1.66666666666666666700e-01 
4.16666666666666666700e-02 
1.25000000000000000000e-01 
0.00000000000000000000e-01 
1.66666666666666666700e-01 
1.25000000000000000000e-01 
-1.25000000000000000000e-01 
0.00000000000000000000e-01 
1.66666666666666666700e-01 
0.00000000000000000000e-01 
0.00000000000000000000e-01 
5.00000000000000000000e-01 
5.00000000000000000000e-01 
1.66666666666666666700e-01 
1.66666666666666666700e-01 
1.66666666666666666700e-01 
1.66666666666666666700e-01 
4.16666666666666666700e-02 
4.16666666666666666700e-02 
1.66666666666666666700e-01 
1.66666666666666666700e-01 
4.16666666666666666700e-02 
2.08333333333333333300e-01 
-1.66666666666666666700e-01 
1.66666666666666666700e-01 
1.66666666666666666700e-01 
-1.66666666666666666700e-01 
-1.66666666666666666700e-01 
