# Section (1): Entries of the xi stiffness matrix 
0.000000000000000 
0.000000000000000 
0.000000000000000 
0.000000000000000 
0.000000000000000 
0.000000000000000 
0.000000000000000 
0.000000000000000 
0.000000000000000 
0.000000000000000 
1.000000000000000 
0.000000000000000 
0.000000000000000 
0.000000000000000 
0.000000000000000 
0.000000000000000 
0.000000000000000 
0.000000000000000 
0.000000000000000 
0.000000000000000 
0.000000000000000 
0.000000000000000 
0.000000000000000 
0.000000000000000 
0.000000000000000 
0.000000000000000 
0.000000000000000 
0.000000000000000 
0.000000000000000 
0.000000000000000 
0.000000000000000 
.500000000000000 
0.000000000000000 
0.000000000000000 
0.000000000000000 
0.000000000000000 
0.000000000000000 
0.000000000000000 
0.000000000000000 
0.000000000000000 
.666666666666667 
0.000000000000000 
.833333333333333 
0.000000000000000 
0.000000000000000 
0.000000000000000 
0.000000000000000 
0.000000000000000 
0.000000000000000 
0.000000000000000 
0.000000000000000 
0.000000000000000 
0.000000000000000 
0.000000000000000 
0.000000000000000 
0.000000000000000 
0.000000000000000 
0.000000000000000 
0.000000000000000 
0.000000000000000 
.500000000000000 
0.000000000000000 
-.200000000000000 
.333333333333333 
0.000000000000000 
.033333333333333 
0.000000000000000 
0.000000000000000 
0.000000000000000 
0.000000000000000 
0.000000000000000 
.200000000000000 
0.000000000000000 
0.000000000000000 
.466666666666667 
0.000000000000000 
0.000000000000000 
0.000000000000000 
0.000000000000000 
0.000000000000000 
.500000000000000 
0.000000000000000 
.800000000000000 
0.000000000000000 
0.000000000000000 
.700000000000000 
0.000000000000000 
0.000000000000000 
0.000000000000000 
0.000000000000000 
0.000000000000000 
0.000000000000000 
0.000000000000000 
0.000000000000000 
0.000000000000000 
0.000000000000000 
0.000000000000000 
0.000000000000000 
0.000000000000000 
0.000000000000000 
# Section (2): Entries of the eta stiffness matrix 
0.000000000000000 
0.000000000000000 
0.000000000000000 
0.000000000000000 
0.000000000000000 
0.000000000000000 
0.000000000000000 
0.000000000000000 
0.000000000000000 
0.000000000000000 
.500000000000000 
0.000000000000000 
0.000000000000000 
0.000000000000000 
0.000000000000000 
0.000000000000000 
0.000000000000000 
0.000000000000000 
0.000000000000000 
0.000000000000000 
1.500000000000000 
0.000000000000000 
0.000000000000000 
0.000000000000000 
0.000000000000000 
0.000000000000000 
0.000000000000000 
0.000000000000000 
0.000000000000000 
0.000000000000000 
.333333333333333 
.250000000000000 
-.083333333333333 
0.000000000000000 
0.000000000000000 
0.000000000000000 
0.000000000000000 
0.000000000000000 
0.000000000000000 
0.000000000000000 
.333333333333333 
.416666666666667 
.416666666666667 
0.000000000000000 
0.000000000000000 
0.000000000000000 
0.000000000000000 
0.000000000000000 
0.000000000000000 
0.000000000000000 
-.666666666666667 
0.000000000000000 
1.666666666666667 
0.000000000000000 
0.000000000000000 
0.000000000000000 
0.000000000000000 
0.000000000000000 
0.000000000000000 
0.000000000000000 
.250000000000000 
.200000000000000 
-.100000000000000 
.166666666666667 
-.033333333333333 
.016666666666667 
0.000000000000000 
0.000000000000000 
0.000000000000000 
0.000000000000000 
.250000000000000 
.100000000000000 
.200000000000000 
.233333333333333 
.233333333333333 
-.116666666666667 
0.000000000000000 
0.000000000000000 
0.000000000000000 
0.000000000000000 
.250000000000000 
-.300000000000000 
.400000000000000 
0.000000000000000 
.466666666666667 
.350000000000000 
0.000000000000000 
0.000000000000000 
0.000000000000000 
0.000000000000000 
1.250000000000000 
0.000000000000000 
-.500000000000000 
0.000000000000000 
0.000000000000000 
1.750000000000000 
0.000000000000000 
0.000000000000000 
0.000000000000000 
0.000000000000000 
# Section (3): Entries of the flux matrix for side I 
1.000000000000000 
1.000000000000000 
1.000000000000000 
1.000000000000000 
0.000000000000000 
0.000000000000000 
.500000000000000 
-.500000000000000 
-1.000000000000000 
-1.000000000000000 
.500000000000000 
.500000000000000 
0.000000000000000 
0.000000000000000 
.333333333333333 
.333333333333333 
0.000000000000000 
0.000000000000000 
.333333333333333 
-.333333333333333 
1.000000000000000 
1.000000000000000 
.333333333333333 
.333333333333333 
0.000000000000000 
0.000000000000000 
.250000000000000 
-.250000000000000 
0.000000000000000 
0.000000000000000 
.250000000000000 
.250000000000000 
0.000000000000000 
0.000000000000000 
.250000000000000 
-.250000000000000 
-1.000000000000000 
-1.000000000000000 
.250000000000000 
.250000000000000 
0.000000000000000 
0.000000000000000 
0.000000000000000 
0.000000000000000 
.333333333333333 
-.333333333333333 
.166666666666667 
.166666666666667 
0.000000000000000 
0.000000000000000 
-.500000000000000 
.500000000000000 
0.000000000000000 
0.000000000000000 
.166666666666667 
-.166666666666667 
-.333333333333333 
.333333333333333 
-.166666666666667 
-.166666666666667 
0.000000000000000 
0.000000000000000 
-.333333333333333 
.333333333333333 
0.000000000000000 
0.000000000000000 
.150000000000000 
.150000000000000 
0.000000000000000 
0.000000000000000 
-.050000000000000 
.050000000000000 
.333333333333333 
-.333333333333333 
-.183333333333333 
-.183333333333333 
0.000000000000000 
0.000000000000000 
-.250000000000000 
.250000000000000 
-1.000000000000000 
-1.000000000000000 
-1.000000000000000 
-1.000000000000000 
0.000000000000000 
0.000000000000000 
-.500000000000000 
.500000000000000 
1.000000000000000 
1.000000000000000 
-.500000000000000 
-.500000000000000 
0.000000000000000 
0.000000000000000 
-.333333333333333 
-.333333333333333 
0.000000000000000 
0.000000000000000 
-.333333333333333 
.333333333333333 
-1.000000000000000 
-1.000000000000000 
-.333333333333333 
-.333333333333333 
0.000000000000000 
0.000000000000000 
-.250000000000000 
.250000000000000 
0.000000000000000 
0.000000000000000 
-.250000000000000 
-.250000000000000 
0.000000000000000 
0.000000000000000 
-.250000000000000 
.250000000000000 
1.000000000000000 
1.000000000000000 
-.250000000000000 
-.250000000000000 
0.000000000000000 
0.000000000000000 
0.000000000000000 
0.000000000000000 
0.000000000000000 
0.000000000000000 
0.000000000000000 
0.000000000000000 
0.000000000000000 
0.000000000000000 
0.000000000000000 
0.000000000000000 
.200000000000000 
.200000000000000 
.033333333333333 
.033333333333333 
0.000000000000000 
0.000000000000000 
-.166666666666667 
.166666666666667 
0.000000000000000 
0.000000000000000 
.333333333333333 
.333333333333333 
0.000000000000000 
0.000000000000000 
.050000000000000 
-.050000000000000 
-.200000000000000 
-.200000000000000 
-.150000000000000 
-.150000000000000 
0.000000000000000 
0.000000000000000 
.050000000000000 
-.050000000000000 
0.000000000000000 
0.000000000000000 
.250000000000000 
.250000000000000 
0.000000000000000 
0.000000000000000 
0.000000000000000 
0.000000000000000 
-.333333333333333 
.333333333333333 
-.166666666666667 
-.166666666666667 
0.000000000000000 
0.000000000000000 
.500000000000000 
-.500000000000000 
0.000000000000000 
0.000000000000000 
-.166666666666667 
.166666666666667 
.333333333333333 
-.333333333333333 
.166666666666667 
.166666666666667 
0.000000000000000 
0.000000000000000 
.333333333333333 
-.333333333333333 
0.000000000000000 
0.000000000000000 
-.150000000000000 
-.150000000000000 
0.000000000000000 
0.000000000000000 
.050000000000000 
-.050000000000000 
-.333333333333333 
.333333333333333 
.183333333333333 
.183333333333333 
0.000000000000000 
0.000000000000000 
.250000000000000 
-.250000000000000 
1.000000000000000 
1.000000000000000 
1.000000000000000 
1.000000000000000 
0.000000000000000 
0.000000000000000 
.500000000000000 
-.500000000000000 
-1.000000000000000 
-1.000000000000000 
.500000000000000 
.500000000000000 
0.000000000000000 
0.000000000000000 
.333333333333333 
.333333333333333 
0.000000000000000 
0.000000000000000 
.333333333333333 
-.333333333333333 
1.000000000000000 
1.000000000000000 
.333333333333333 
.333333333333333 
0.000000000000000 
0.000000000000000 
.250000000000000 
-.250000000000000 
0.000000000000000 
0.000000000000000 
.250000000000000 
.250000000000000 
0.000000000000000 
0.000000000000000 
.250000000000000 
-.250000000000000 
-1.000000000000000 
-1.000000000000000 
.250000000000000 
.250000000000000 
0.000000000000000 
0.000000000000000 
0.000000000000000 
0.000000000000000 
0.000000000000000 
0.000000000000000 
0.000000000000000 
0.000000000000000 
0.000000000000000 
0.000000000000000 
0.000000000000000 
0.000000000000000 
0.000000000000000 
0.000000000000000 
0.000000000000000 
0.000000000000000 
0.000000000000000 
0.000000000000000 
0.000000000000000 
0.000000000000000 
0.000000000000000 
0.000000000000000 
0.000000000000000 
0.000000000000000 
.142857142857143 
-.142857142857143 
.007142857142857 
.007142857142857 
0.000000000000000 
0.000000000000000 
-.050000000000000 
.050000000000000 
0.000000000000000 
0.000000000000000 
.150000000000000 
.150000000000000 
0.000000000000000 
0.000000000000000 
-.250000000000000 
.250000000000000 
0.000000000000000 
0.000000000000000 
0.000000000000000 
0.000000000000000 
0.000000000000000 
0.000000000000000 
0.000000000000000 
0.000000000000000 
0.000000000000000 
0.000000000000000 
0.000000000000000 
0.000000000000000 
-.200000000000000 
-.200000000000000 
-.033333333333333 
-.033333333333333 
0.000000000000000 
0.000000000000000 
.166666666666667 
-.166666666666667 
0.000000000000000 
0.000000000000000 
-.333333333333333 
-.333333333333333 
0.000000000000000 
0.000000000000000 
-.050000000000000 
.050000000000000 
.200000000000000 
.200000000000000 
.150000000000000 
.150000000000000 
0.000000000000000 
0.000000000000000 
-.050000000000000 
.050000000000000 
0.000000000000000 
0.000000000000000 
-.250000000000000 
-.250000000000000 
0.000000000000000 
0.000000000000000 
0.000000000000000 
0.000000000000000 
.333333333333333 
-.333333333333333 
.166666666666667 
.166666666666667 
0.000000000000000 
0.000000000000000 
-.500000000000000 
.500000000000000 
0.000000000000000 
0.000000000000000 
.166666666666667 
-.166666666666667 
-.333333333333333 
.333333333333333 
-.166666666666667 
-.166666666666667 
0.000000000000000 
0.000000000000000 
-.333333333333333 
.333333333333333 
0.000000000000000 
0.000000000000000 
.150000000000000 
.150000000000000 
0.000000000000000 
0.000000000000000 
-.050000000000000 
.050000000000000 
.333333333333333 
-.333333333333333 
-.183333333333333 
-.183333333333333 
0.000000000000000 
0.000000000000000 
-.250000000000000 
.250000000000000 
-1.000000000000000 
-1.000000000000000 
-1.000000000000000 
-1.000000000000000 
0.000000000000000 
0.000000000000000 
-.500000000000000 
.500000000000000 
1.000000000000000 
1.000000000000000 
-.500000000000000 
-.500000000000000 
0.000000000000000 
0.000000000000000 
-.333333333333333 
-.333333333333333 
0.000000000000000 
0.000000000000000 
-.333333333333333 
.333333333333333 
-1.000000000000000 
-1.000000000000000 
-.333333333333333 
-.333333333333333 
0.000000000000000 
0.000000000000000 
-.250000000000000 
.250000000000000 
0.000000000000000 
0.000000000000000 
-.250000000000000 
-.250000000000000 
0.000000000000000 
0.000000000000000 
-.250000000000000 
.250000000000000 
1.000000000000000 
1.000000000000000 
-.250000000000000 
-.250000000000000 
# Section (4): Entries of the flux matrix for side II 
1.000000000000000 
1.000000000000000 
1.000000000000000 
1.000000000000000 
.500000000000000 
0.000000000000000 
.500000000000000 
-.500000000000000 
.500000000000000 
-1.000000000000000 
.500000000000000 
.500000000000000 
.333333333333333 
0.000000000000000 
.333333333333333 
.333333333333333 
.333333333333333 
0.000000000000000 
.333333333333333 
-.333333333333333 
.333333333333333 
1.000000000000000 
.333333333333333 
.333333333333333 
.250000000000000 
0.000000000000000 
.250000000000000 
-.250000000000000 
.250000000000000 
0.000000000000000 
.250000000000000 
.250000000000000 
.250000000000000 
0.000000000000000 
.250000000000000 
-.250000000000000 
.250000000000000 
-1.000000000000000 
.250000000000000 
.250000000000000 
.500000000000000 
.500000000000000 
.500000000000000 
.500000000000000 
.333333333333333 
.166666666666667 
.166666666666667 
-.333333333333333 
0.000000000000000 
-.500000000000000 
.500000000000000 
0.000000000000000 
.250000000000000 
0.000000000000000 
.083333333333333 
.250000000000000 
.083333333333333 
-.166666666666667 
.250000000000000 
-.083333333333333 
0.000000000000000 
.500000000000000 
.333333333333333 
0.000000000000000 
.200000000000000 
0.000000000000000 
.050000000000000 
-.200000000000000 
.100000000000000 
0.000000000000000 
.150000000000000 
.100000000000000 
.033333333333333 
.166666666666667 
.216666666666667 
-.033333333333333 
0.000000000000000 
-.500000000000000 
.250000000000000 
0.000000000000000 
.500000000000000 
.500000000000000 
.500000000000000 
.500000000000000 
0.000000000000000 
-.500000000000000 
.500000000000000 
0.000000000000000 
1.000000000000000 
-.500000000000000 
-.500000000000000 
1.000000000000000 
-.083333333333333 
0.000000000000000 
.416666666666667 
-.083333333333333 
.416666666666667 
.500000000000000 
-.083333333333333 
-.416666666666667 
.666666666666667 
.500000000000000 
-.333333333333333 
.666666666666667 
-.100000000000000 
0.000000000000000 
.350000000000000 
.100000000000000 
.200000000000000 
0.000000000000000 
.050000000000000 
.200000000000000 
.400000000000000 
-.500000000000000 
-.150000000000000 
-.400000000000000 
.500000000000000 
-.500000000000000 
-.250000000000000 
.500000000000000 
.333333333333333 
.333333333333333 
.333333333333333 
.333333333333333 
.250000000000000 
.166666666666667 
.083333333333333 
-.250000000000000 
-.083333333333333 
-.333333333333333 
.416666666666667 
-.083333333333333 
.200000000000000 
.033333333333333 
.033333333333333 
.200000000000000 
0.000000000000000 
-.166666666666667 
.166666666666667 
0.000000000000000 
0.000000000000000 
.333333333333333 
.333333333333333 
0.000000000000000 
.166666666666667 
0.000000000000000 
.016666666666667 
-.166666666666667 
.033333333333333 
-.033333333333333 
.083333333333333 
.033333333333333 
0.000000000000000 
.166666666666667 
.183333333333333 
0.000000000000000 
0.000000000000000 
-.333333333333333 
.250000000000000 
0.000000000000000 
.333333333333333 
.333333333333333 
.333333333333333 
.333333333333333 
.083333333333333 
-.166666666666667 
.250000000000000 
-.083333333333333 
.416666666666667 
-.333333333333333 
-.083333333333333 
.416666666666667 
0.000000000000000 
-.166666666666667 
.166666666666667 
0.000000000000000 
.333333333333333 
.166666666666667 
.166666666666667 
-.333333333333333 
0.000000000000000 
.333333333333333 
-.333333333333333 
0.000000000000000 
-.033333333333333 
0.000000000000000 
.116666666666667 
.033333333333333 
.233333333333333 
.166666666666667 
.183333333333333 
.233333333333333 
.133333333333333 
-.166666666666667 
-.050000000000000 
-.133333333333333 
0.000000000000000 
-.333333333333333 
-.250000000000000 
0.000000000000000 
.333333333333333 
.333333333333333 
.333333333333333 
.333333333333333 
0.000000000000000 
-.333333333333333 
.333333333333333 
0.000000000000000 
.666666666666667 
-.333333333333333 
-.333333333333333 
.666666666666667 
0.000000000000000 
.333333333333333 
.333333333333333 
0.000000000000000 
0.000000000000000 
.333333333333333 
-.333333333333333 
0.000000000000000 
1.000000000000000 
.333333333333333 
.333333333333333 
1.000000000000000 
.016666666666667 
0.000000000000000 
.316666666666667 
-.016666666666667 
-.116666666666667 
-.333333333333333 
-.216666666666667 
-.116666666666667 
.350000000000000 
-.333333333333333 
-.016666666666667 
-.350000000000000 
.750000000000000 
-.333333333333333 
.250000000000000 
.750000000000000 
.250000000000000 
.250000000000000 
.250000000000000 
.250000000000000 
.200000000000000 
.150000000000000 
.050000000000000 
-.200000000000000 
-.100000000000000 
-.250000000000000 
.350000000000000 
-.100000000000000 
.166666666666667 
.050000000000000 
.016666666666667 
.166666666666667 
-.033333333333333 
-.150000000000000 
.116666666666667 
.033333333333333 
.016666666666667 
.250000000000000 
.316666666666667 
.016666666666667 
.142857142857143 
.007142857142857 
.007142857142857 
-.142857142857143 
0.000000000000000 
-.050000000000000 
.050000000000000 
0.000000000000000 
0.000000000000000 
.150000000000000 
.150000000000000 
0.000000000000000 
0.000000000000000 
-.250000000000000 
.250000000000000 
0.000000000000000 
.250000000000000 
.250000000000000 
.250000000000000 
.250000000000000 
.100000000000000 
-.050000000000000 
.150000000000000 
-.100000000000000 
.200000000000000 
-.250000000000000 
.050000000000000 
.200000000000000 
.033333333333333 
-.150000000000000 
.083333333333333 
.033333333333333 
.233333333333333 
.050000000000000 
.183333333333333 
-.233333333333333 
-.116666666666667 
.250000000000000 
-.216666666666667 
-.116666666666667 
0.000000000000000 
-.050000000000000 
.050000000000000 
0.000000000000000 
.200000000000000 
.150000000000000 
.150000000000000 
.200000000000000 
0.000000000000000 
-.050000000000000 
.050000000000000 
0.000000000000000 
0.000000000000000 
-.250000000000000 
-.250000000000000 
0.000000000000000 
.250000000000000 
.250000000000000 
.250000000000000 
.250000000000000 
.033333333333333 
-.183333333333333 
.216666666666667 
-.033333333333333 
.400000000000000 
-.250000000000000 
-.150000000000000 
.400000000000000 
0.000000000000000 
.050000000000000 
.183333333333333 
0.000000000000000 
.133333333333333 
.183333333333333 
-.050000000000000 
-.133333333333333 
.350000000000000 
.250000000000000 
-.016666666666667 
.350000000000000 
0.000000000000000 
.150000000000000 
.150000000000000 
0.000000000000000 
0.000000000000000 
-.050000000000000 
.050000000000000 
0.000000000000000 
.333333333333333 
-.183333333333333 
-.183333333333333 
-.333333333333333 
0.000000000000000 
-.250000000000000 
.250000000000000 
0.000000000000000 
.250000000000000 
.250000000000000 
.250000000000000 
.250000000000000 
0.000000000000000 
-.250000000000000 
.250000000000000 
0.000000000000000 
.500000000000000 
-.250000000000000 
-.250000000000000 
.500000000000000 
0.000000000000000 
.250000000000000 
.250000000000000 
0.000000000000000 
0.000000000000000 
.250000000000000 
-.250000000000000 
0.000000000000000 
.750000000000000 
.250000000000000 
.250000000000000 
.750000000000000 
0.000000000000000 
-.250000000000000 
.250000000000000 
0.000000000000000 
0.000000000000000 
-.250000000000000 
-.250000000000000 
0.000000000000000 
0.000000000000000 
-.250000000000000 
.250000000000000 
0.000000000000000 
1.000000000000000 
-.250000000000000 
-.250000000000000 
1.000000000000000 
# Section (5): Entries of the flux matrix for side III 
1.000000000000000 
1.000000000000000 
1.000000000000000 
1.000000000000000 
-.500000000000000 
0.000000000000000 
.500000000000000 
-.500000000000000 
.500000000000000 
-1.000000000000000 
.500000000000000 
.500000000000000 
.333333333333333 
0.000000000000000 
.333333333333333 
.333333333333333 
-.333333333333333 
0.000000000000000 
.333333333333333 
-.333333333333333 
.333333333333333 
1.000000000000000 
.333333333333333 
.333333333333333 
-.250000000000000 
0.000000000000000 
.250000000000000 
-.250000000000000 
.250000000000000 
0.000000000000000 
.250000000000000 
.250000000000000 
-.250000000000000 
0.000000000000000 
.250000000000000 
-.250000000000000 
.250000000000000 
-1.000000000000000 
.250000000000000 
.250000000000000 
-.500000000000000 
-.500000000000000 
-.500000000000000 
-.500000000000000 
.333333333333333 
.166666666666667 
-.333333333333333 
.166666666666667 
0.000000000000000 
.500000000000000 
0.000000000000000 
-.500000000000000 
-.250000000000000 
0.000000000000000 
-.250000000000000 
-.083333333333333 
.083333333333333 
-.166666666666667 
-.083333333333333 
.250000000000000 
0.000000000000000 
-.500000000000000 
0.000000000000000 
-.333333333333333 
.200000000000000 
0.000000000000000 
-.200000000000000 
.050000000000000 
-.100000000000000 
0.000000000000000 
-.100000000000000 
-.150000000000000 
.033333333333333 
.166666666666667 
-.033333333333333 
.216666666666667 
0.000000000000000 
.500000000000000 
0.000000000000000 
-.250000000000000 
.500000000000000 
.500000000000000 
.500000000000000 
.500000000000000 
0.000000000000000 
.500000000000000 
0.000000000000000 
-.500000000000000 
1.000000000000000 
-.500000000000000 
1.000000000000000 
-.500000000000000 
-.083333333333333 
0.000000000000000 
-.083333333333333 
.416666666666667 
-.416666666666667 
-.500000000000000 
.416666666666667 
.083333333333333 
.666666666666667 
.500000000000000 
.666666666666667 
-.333333333333333 
.100000000000000 
0.000000000000000 
-.100000000000000 
-.350000000000000 
.200000000000000 
0.000000000000000 
.200000000000000 
.050000000000000 
-.400000000000000 
.500000000000000 
.400000000000000 
.150000000000000 
.500000000000000 
-.500000000000000 
.500000000000000 
-.250000000000000 
.333333333333333 
.333333333333333 
.333333333333333 
.333333333333333 
-.250000000000000 
-.166666666666667 
.250000000000000 
-.083333333333333 
-.083333333333333 
-.333333333333333 
-.083333333333333 
.416666666666667 
.200000000000000 
.033333333333333 
.200000000000000 
.033333333333333 
0.000000000000000 
.166666666666667 
0.000000000000000 
-.166666666666667 
0.000000000000000 
.333333333333333 
0.000000000000000 
.333333333333333 
-.166666666666667 
0.000000000000000 
.166666666666667 
-.016666666666667 
.033333333333333 
-.033333333333333 
.033333333333333 
.083333333333333 
0.000000000000000 
-.166666666666667 
0.000000000000000 
-.183333333333333 
0.000000000000000 
-.333333333333333 
0.000000000000000 
.250000000000000 
-.333333333333333 
-.333333333333333 
-.333333333333333 
-.333333333333333 
.083333333333333 
-.166666666666667 
-.083333333333333 
.250000000000000 
-.416666666666667 
.333333333333333 
-.416666666666667 
.083333333333333 
0.000000000000000 
.166666666666667 
0.000000000000000 
-.166666666666667 
.333333333333333 
.166666666666667 
-.333333333333333 
.166666666666667 
0.000000000000000 
-.333333333333333 
0.000000000000000 
.333333333333333 
-.033333333333333 
0.000000000000000 
.033333333333333 
.116666666666667 
-.233333333333333 
-.166666666666667 
-.233333333333333 
-.183333333333333 
.133333333333333 
-.166666666666667 
-.133333333333333 
-.050000000000000 
0.000000000000000 
.333333333333333 
0.000000000000000 
.250000000000000 
.333333333333333 
.333333333333333 
.333333333333333 
.333333333333333 
0.000000000000000 
.333333333333333 
0.000000000000000 
-.333333333333333 
.666666666666667 
-.333333333333333 
.666666666666667 
-.333333333333333 
0.000000000000000 
.333333333333333 
0.000000000000000 
.333333333333333 
0.000000000000000 
-.333333333333333 
0.000000000000000 
.333333333333333 
1.000000000000000 
.333333333333333 
1.000000000000000 
.333333333333333 
-.016666666666667 
0.000000000000000 
.016666666666667 
-.316666666666667 
-.116666666666667 
-.333333333333333 
-.116666666666667 
-.216666666666667 
-.350000000000000 
.333333333333333 
.350000000000000 
.016666666666667 
.750000000000000 
-.333333333333333 
.750000000000000 
.250000000000000 
-.250000000000000 
-.250000000000000 
-.250000000000000 
-.250000000000000 
.200000000000000 
.150000000000000 
-.200000000000000 
.050000000000000 
.100000000000000 
.250000000000000 
.100000000000000 
-.350000000000000 
-.166666666666667 
-.050000000000000 
-.166666666666667 
-.016666666666667 
-.033333333333333 
-.150000000000000 
.033333333333333 
.116666666666667 
-.016666666666667 
-.250000000000000 
-.016666666666667 
-.316666666666667 
.142857142857143 
.007142857142857 
-.142857142857143 
.007142857142857 
0.000000000000000 
.050000000000000 
0.000000000000000 
-.050000000000000 
0.000000000000000 
.150000000000000 
0.000000000000000 
.150000000000000 
0.000000000000000 
.250000000000000 
0.000000000000000 
-.250000000000000 
.250000000000000 
.250000000000000 
.250000000000000 
.250000000000000 
-.100000000000000 
.050000000000000 
.100000000000000 
-.150000000000000 
.200000000000000 
-.250000000000000 
.200000000000000 
.050000000000000 
.033333333333333 
-.150000000000000 
.033333333333333 
.083333333333333 
-.233333333333333 
-.050000000000000 
.233333333333333 
-.183333333333333 
-.116666666666667 
.250000000000000 
-.116666666666667 
-.216666666666667 
0.000000000000000 
.050000000000000 
0.000000000000000 
-.050000000000000 
.200000000000000 
.150000000000000 
.200000000000000 
.150000000000000 
0.000000000000000 
.050000000000000 
0.000000000000000 
-.050000000000000 
0.000000000000000 
-.250000000000000 
0.000000000000000 
-.250000000000000 
-.250000000000000 
-.250000000000000 
-.250000000000000 
-.250000000000000 
.033333333333333 
-.183333333333333 
-.033333333333333 
.216666666666667 
-.400000000000000 
.250000000000000 
-.400000000000000 
.150000000000000 
0.000000000000000 
-.050000000000000 
0.000000000000000 
-.183333333333333 
.133333333333333 
.183333333333333 
-.133333333333333 
-.050000000000000 
-.350000000000000 
-.250000000000000 
-.350000000000000 
.016666666666667 
0.000000000000000 
.150000000000000 
0.000000000000000 
.150000000000000 
0.000000000000000 
.050000000000000 
0.000000000000000 
-.050000000000000 
.333333333333333 
-.183333333333333 
-.333333333333333 
-.183333333333333 
0.000000000000000 
.250000000000000 
0.000000000000000 
-.250000000000000 
.250000000000000 
.250000000000000 
.250000000000000 
.250000000000000 
0.000000000000000 
.250000000000000 
0.000000000000000 
-.250000000000000 
.500000000000000 
-.250000000000000 
.500000000000000 
-.250000000000000 
0.000000000000000 
.250000000000000 
0.000000000000000 
.250000000000000 
0.000000000000000 
-.250000000000000 
0.000000000000000 
.250000000000000 
.750000000000000 
.250000000000000 
.750000000000000 
.250000000000000 
0.000000000000000 
.250000000000000 
0.000000000000000 
-.250000000000000 
0.000000000000000 
-.250000000000000 
0.000000000000000 
-.250000000000000 
0.000000000000000 
.250000000000000 
0.000000000000000 
-.250000000000000 
1.000000000000000 
-.250000000000000 
1.000000000000000 
-.250000000000000 
