# Section (1): Entries of the xi stiffness matrix 
0.000000000000000 
0.000000000000000 
0.000000000000000 
0.000000000000000 
0.000000000000000 
0.000000000000000 
1.000000000000000 
0.000000000000000 
0.000000000000000 
0.000000000000000 
0.000000000000000 
0.000000000000000 
0.000000000000000 
0.000000000000000 
0.000000000000000 
0.000000000000000 
0.000000000000000 
0.000000000000000 
0.000000000000000 
.500000000000000 
0.000000000000000 
0.000000000000000 
0.000000000000000 
0.000000000000000 
.666666666666667 
0.000000000000000 
.833333333333333 
0.000000000000000 
0.000000000000000 
0.000000000000000 
0.000000000000000 
0.000000000000000 
0.000000000000000 
0.000000000000000 
0.000000000000000 
0.000000000000000 
# Section (2): Entries of the eta stiffness matrix 
0.000000000000000 
0.000000000000000 
0.000000000000000 
0.000000000000000 
0.000000000000000 
0.000000000000000 
.500000000000000 
0.000000000000000 
0.000000000000000 
0.000000000000000 
0.000000000000000 
0.000000000000000 
1.500000000000000 
0.000000000000000 
0.000000000000000 
0.000000000000000 
0.000000000000000 
0.000000000000000 
.333333333333333 
.250000000000000 
-.083333333333333 
0.000000000000000 
0.000000000000000 
0.000000000000000 
.333333333333333 
.416666666666667 
.416666666666667 
0.000000000000000 
0.000000000000000 
0.000000000000000 
-.666666666666667 
0.000000000000000 
1.666666666666667 
0.000000000000000 
0.000000000000000 
0.000000000000000 
# Section (3): Entries of the flux matrix for side I 
1.000000000000000 
1.000000000000000 
1.000000000000000 
1.000000000000000 
0.000000000000000 
0.000000000000000 
.500000000000000 
-.500000000000000 
-1.000000000000000 
-1.000000000000000 
.500000000000000 
.500000000000000 
0.000000000000000 
0.000000000000000 
.333333333333333 
.333333333333333 
0.000000000000000 
0.000000000000000 
.333333333333333 
-.333333333333333 
1.000000000000000 
1.000000000000000 
.333333333333333 
.333333333333333 
0.000000000000000 
0.000000000000000 
0.000000000000000 
0.000000000000000 
.333333333333333 
-.333333333333333 
.166666666666667 
.166666666666667 
0.000000000000000 
0.000000000000000 
-.500000000000000 
.500000000000000 
0.000000000000000 
0.000000000000000 
.166666666666667 
-.166666666666667 
-.333333333333333 
.333333333333333 
-.166666666666667 
-.166666666666667 
0.000000000000000 
0.000000000000000 
-.333333333333333 
.333333333333333 
-1.000000000000000 
-1.000000000000000 
-1.000000000000000 
-1.000000000000000 
0.000000000000000 
0.000000000000000 
-.500000000000000 
.500000000000000 
1.000000000000000 
1.000000000000000 
-.500000000000000 
-.500000000000000 
0.000000000000000 
0.000000000000000 
-.333333333333333 
-.333333333333333 
0.000000000000000 
0.000000000000000 
-.333333333333333 
.333333333333333 
-1.000000000000000 
-1.000000000000000 
-.333333333333333 
-.333333333333333 
0.000000000000000 
0.000000000000000 
0.000000000000000 
0.000000000000000 
0.000000000000000 
0.000000000000000 
0.000000000000000 
0.000000000000000 
0.000000000000000 
0.000000000000000 
0.000000000000000 
0.000000000000000 
.200000000000000 
.200000000000000 
.033333333333333 
.033333333333333 
0.000000000000000 
0.000000000000000 
-.166666666666667 
.166666666666667 
0.000000000000000 
0.000000000000000 
.333333333333333 
.333333333333333 
0.000000000000000 
0.000000000000000 
0.000000000000000 
0.000000000000000 
-.333333333333333 
.333333333333333 
-.166666666666667 
-.166666666666667 
0.000000000000000 
0.000000000000000 
.500000000000000 
-.500000000000000 
0.000000000000000 
0.000000000000000 
-.166666666666667 
.166666666666667 
.333333333333333 
-.333333333333333 
.166666666666667 
.166666666666667 
0.000000000000000 
0.000000000000000 
.333333333333333 
-.333333333333333 
1.000000000000000 
1.000000000000000 
1.000000000000000 
1.000000000000000 
0.000000000000000 
0.000000000000000 
.500000000000000 
-.500000000000000 
-1.000000000000000 
-1.000000000000000 
.500000000000000 
.500000000000000 
0.000000000000000 
0.000000000000000 
.333333333333333 
.333333333333333 
0.000000000000000 
0.000000000000000 
.333333333333333 
-.333333333333333 
1.000000000000000 
1.000000000000000 
.333333333333333 
.333333333333333 
# Section (4): Entries of the flux matrix for side II 
1.000000000000000 
1.000000000000000 
1.000000000000000 
1.000000000000000 
.500000000000000 
0.000000000000000 
.500000000000000 
-.500000000000000 
.500000000000000 
-1.000000000000000 
.500000000000000 
.500000000000000 
.333333333333333 
0.000000000000000 
.333333333333333 
.333333333333333 
.333333333333333 
0.000000000000000 
.333333333333333 
-.333333333333333 
.333333333333333 
1.000000000000000 
.333333333333333 
.333333333333333 
.500000000000000 
.500000000000000 
.500000000000000 
.500000000000000 
.333333333333333 
.166666666666667 
.166666666666667 
-.333333333333333 
0.000000000000000 
-.500000000000000 
.500000000000000 
0.000000000000000 
.250000000000000 
0.000000000000000 
.083333333333333 
.250000000000000 
.083333333333333 
-.166666666666667 
.250000000000000 
-.083333333333333 
0.000000000000000 
.500000000000000 
.333333333333333 
0.000000000000000 
.500000000000000 
.500000000000000 
.500000000000000 
.500000000000000 
0.000000000000000 
-.500000000000000 
.500000000000000 
0.000000000000000 
1.000000000000000 
-.500000000000000 
-.500000000000000 
1.000000000000000 
-.083333333333333 
0.000000000000000 
.416666666666667 
-.083333333333333 
.416666666666667 
.500000000000000 
-.083333333333333 
-.416666666666667 
.666666666666667 
.500000000000000 
-.333333333333333 
.666666666666667 
.333333333333333 
.333333333333333 
.333333333333333 
.333333333333333 
.250000000000000 
.166666666666667 
.083333333333333 
-.250000000000000 
-.083333333333333 
-.333333333333333 
.416666666666667 
-.083333333333333 
.200000000000000 
.033333333333333 
.033333333333333 
.200000000000000 
0.000000000000000 
-.166666666666667 
.166666666666667 
0.000000000000000 
0.000000000000000 
.333333333333333 
.333333333333333 
0.000000000000000 
.333333333333333 
.333333333333333 
.333333333333333 
.333333333333333 
.083333333333333 
-.166666666666667 
.250000000000000 
-.083333333333333 
.416666666666667 
-.333333333333333 
-.083333333333333 
.416666666666667 
0.000000000000000 
-.166666666666667 
.166666666666667 
0.000000000000000 
.333333333333333 
.166666666666667 
.166666666666667 
-.333333333333333 
0.000000000000000 
.333333333333333 
-.333333333333333 
0.000000000000000 
.333333333333333 
.333333333333333 
.333333333333333 
.333333333333333 
0.000000000000000 
-.333333333333333 
.333333333333333 
0.000000000000000 
.666666666666667 
-.333333333333333 
-.333333333333333 
.666666666666667 
0.000000000000000 
.333333333333333 
.333333333333333 
0.000000000000000 
0.000000000000000 
.333333333333333 
-.333333333333333 
0.000000000000000 
1.000000000000000 
.333333333333333 
.333333333333333 
1.000000000000000 
# Section (5): Entries of the flux matrix for side III 
1.000000000000000 
1.000000000000000 
1.000000000000000 
1.000000000000000 
-.500000000000000 
0.000000000000000 
.500000000000000 
-.500000000000000 
.500000000000000 
-1.000000000000000 
.500000000000000 
.500000000000000 
.333333333333333 
0.000000000000000 
.333333333333333 
.333333333333333 
-.333333333333333 
0.000000000000000 
.333333333333333 
-.333333333333333 
.333333333333333 
1.000000000000000 
.333333333333333 
.333333333333333 
-.500000000000000 
-.500000000000000 
-.500000000000000 
-.500000000000000 
.333333333333333 
.166666666666667 
-.333333333333333 
.166666666666667 
0.000000000000000 
.500000000000000 
0.000000000000000 
-.500000000000000 
-.250000000000000 
0.000000000000000 
-.250000000000000 
-.083333333333333 
.083333333333333 
-.166666666666667 
-.083333333333333 
.250000000000000 
0.000000000000000 
-.500000000000000 
0.000000000000000 
-.333333333333333 
.500000000000000 
.500000000000000 
.500000000000000 
.500000000000000 
0.000000000000000 
.500000000000000 
0.000000000000000 
-.500000000000000 
1.000000000000000 
-.500000000000000 
1.000000000000000 
-.500000000000000 
-.083333333333333 
0.000000000000000 
-.083333333333333 
.416666666666667 
-.416666666666667 
-.500000000000000 
.416666666666667 
.083333333333333 
.666666666666667 
.500000000000000 
.666666666666667 
-.333333333333333 
.333333333333333 
.333333333333333 
.333333333333333 
.333333333333333 
-.250000000000000 
-.166666666666667 
.250000000000000 
-.083333333333333 
-.083333333333333 
-.333333333333333 
-.083333333333333 
.416666666666667 
.200000000000000 
.033333333333333 
.200000000000000 
.033333333333333 
0.000000000000000 
.166666666666667 
0.000000000000000 
-.166666666666667 
0.000000000000000 
.333333333333333 
0.000000000000000 
.333333333333333 
-.333333333333333 
-.333333333333333 
-.333333333333333 
-.333333333333333 
.083333333333333 
-.166666666666667 
-.083333333333333 
.250000000000000 
-.416666666666667 
.333333333333333 
-.416666666666667 
.083333333333333 
0.000000000000000 
.166666666666667 
0.000000000000000 
-.166666666666667 
.333333333333333 
.166666666666667 
-.333333333333333 
.166666666666667 
0.000000000000000 
-.333333333333333 
0.000000000000000 
.333333333333333 
.333333333333333 
.333333333333333 
.333333333333333 
.333333333333333 
0.000000000000000 
.333333333333333 
0.000000000000000 
-.333333333333333 
.666666666666667 
-.333333333333333 
.666666666666667 
-.333333333333333 
0.000000000000000 
.333333333333333 
0.000000000000000 
.333333333333333 
0.000000000000000 
-.333333333333333 
0.000000000000000 
.333333333333333 
1.000000000000000 
.333333333333333 
1.000000000000000 
.333333333333333 
