# Section (1): Entries of the xi stiffness matrix 
0.000000000000000 
0.000000000000000 
0.000000000000000 
1.000000000000000 
0.000000000000000 
0.000000000000000 
0.000000000000000 
0.000000000000000 
0.000000000000000 
# Section (2): Entries of the eta stiffness matrix 
0.000000000000000 
0.000000000000000 
0.000000000000000 
.500000000000000 
0.000000000000000 
0.000000000000000 
1.500000000000000 
0.000000000000000 
0.000000000000000 
# Section (3): Entries of the flux matrix for side I 
1.000000000000000 
1.000000000000000 
1.000000000000000 
1.000000000000000 
0.000000000000000 
0.000000000000000 
.500000000000000 
-.500000000000000 
-1.000000000000000 
-1.000000000000000 
.500000000000000 
.500000000000000 
0.000000000000000 
0.000000000000000 
0.000000000000000 
0.000000000000000 
.333333333333333 
-.333333333333333 
.166666666666667 
.166666666666667 
0.000000000000000 
0.000000000000000 
-.500000000000000 
.500000000000000 
-1.000000000000000 
-1.000000000000000 
-1.000000000000000 
-1.000000000000000 
0.000000000000000 
0.000000000000000 
-.500000000000000 
.500000000000000 
1.000000000000000 
1.000000000000000 
-.500000000000000 
-.500000000000000 
# Section (4): Entries of the flux matrix for side II 
1.000000000000000 
1.000000000000000 
1.000000000000000 
1.000000000000000 
.500000000000000 
0.000000000000000 
.500000000000000 
-.500000000000000 
.500000000000000 
-1.000000000000000 
.500000000000000 
.500000000000000 
.500000000000000 
.500000000000000 
.500000000000000 
.500000000000000 
.333333333333333 
.166666666666667 
.166666666666667 
-.333333333333333 
0.000000000000000 
-.500000000000000 
.500000000000000 
0.000000000000000 
.500000000000000 
.500000000000000 
.500000000000000 
.500000000000000 
0.000000000000000 
-.500000000000000 
.500000000000000 
0.000000000000000 
1.000000000000000 
-.500000000000000 
-.500000000000000 
1.000000000000000 
# Section (5): Entries of the flux matrix for side III 
1.000000000000000 
1.000000000000000 
1.000000000000000 
1.000000000000000 
-.500000000000000 
0.000000000000000 
.500000000000000 
-.500000000000000 
.500000000000000 
-1.000000000000000 
.500000000000000 
.500000000000000 
-.500000000000000 
-.500000000000000 
-.500000000000000 
-.500000000000000 
.333333333333333 
.166666666666667 
-.333333333333333 
.166666666666667 
0.000000000000000 
.500000000000000 
0.000000000000000 
-.500000000000000 
.500000000000000 
.500000000000000 
.500000000000000 
.500000000000000 
0.000000000000000 
.500000000000000 
0.000000000000000 
-.500000000000000 
1.000000000000000 
-.500000000000000 
1.000000000000000 
-.500000000000000 
