Seismic Moment Tensor
0.  1.  0.
1.  0.  0.
0.  0.  0.
Number of subfaults
  1
                 x                 y                 z            strike               dip              rake              area        Onset time
        0.00000000        0.00000000    2000.00000000      0.00000000      0.00000000        0.00000000        1.00000000        0.00000000
# source time function
0.001  2001   
# samples
 0.0000000e+000
 9.9004983e+016
 1.9603973e+017
 2.9113366e+017
 3.8431578e+017
 4.7561471e+017
 5.6505872e+017
 6.5267567e+017
 7.3849308e+017
 8.2253807e+017
 9.0483742e+017
 9.8541755e+017
 1.0643045e+018
 1.1415241e+018
 1.2171015e+018
 1.2910620e+018
 1.3634301e+018
 1.4342302e+018
 1.5034864e+018
 1.5712224e+018
 1.6374615e+018
 1.7022269e+018
 1.7655414e+018
 1.8274273e+018
 1.8879069e+018
 1.9470020e+018
 2.0047341e+018
 2.0611246e+018
 2.1161945e+018
 2.1699643e+018
 2.2224547e+018
 2.2736856e+018
 2.3236769e+018
 2.3724483e+018
 2.4200191e+018
 2.4664083e+018
 2.5116348e+018
 2.5557170e+018
 2.5986734e+018
 2.6405218e+018
 2.6812802e+018
 2.7209660e+018
 2.7595966e+018
 2.7971891e+018
 2.8337603e+018
 2.8693267e+018
 2.9039048e+018
 2.9375107e+018
 2.9701603e+018
 3.0018693e+018
 3.0326533e+018
 3.0625275e+018
 3.0915068e+018
 3.1196063e+018
 3.1468406e+018
 3.1732240e+018
 3.1987708e+018
 3.2234950e+018
 3.2474105e+018
 3.2705310e+018
 3.2928698e+018
 3.3144403e+018
 3.3352555e+018
 3.3553283e+018
 3.3746715e+018
 3.3932975e+018
 3.4112188e+018
 3.4284475e+018
 3.4449955e+018
 3.4608749e+018
 3.4760971e+018
 3.4906738e+018
 3.5046162e+018
 3.5179356e+018
 3.5306430e+018
 3.5427491e+018
 3.5542648e+018
 3.5652006e+018
 3.5755669e+018
 3.5853739e+018
 3.5946317e+018
 3.6033503e+018
 3.6115396e+018
 3.6192091e+018
 3.6263684e+018
 3.6330269e+018
 3.6391939e+018
 3.6448785e+018
 3.6500896e+018
 3.6548362e+018
 3.6591269e+018
 3.6629704e+018
 3.6663752e+018
 3.6693495e+018
 3.6719017e+018
 3.6740397e+018
 3.6757717e+018
 3.6771055e+018
 3.6780488e+018
 3.6786092e+018
 3.6787944e+018
 3.6786117e+018
 3.6780684e+018
 3.6771717e+018
 3.6759287e+018
 3.6743464e+018
 3.6724316e+018
 3.6701911e+018
 3.6676317e+018
 3.6647598e+018
 3.6615819e+018
 3.6581045e+018
 3.6543337e+018
 3.6502758e+018
 3.6459368e+018
 3.6413228e+018
 3.6364397e+018
 3.6312932e+018
 3.6258891e+018
 3.6202330e+018
 3.6143305e+018
 3.6081871e+018
 3.6018080e+018
 3.5951987e+018
 3.5883643e+018
 3.5813100e+018
 3.5740407e+018
 3.5665616e+018
 3.5588774e+018
 3.5509931e+018
 3.5429133e+018
 3.5346427e+018
 3.5261860e+018
 3.5175476e+018
 3.5087320e+018
 3.4997435e+018
 3.4905866e+018
 3.4812653e+018
 3.4717840e+018
 3.4621467e+018
 3.4523575e+018
 3.4424203e+018
 3.4323390e+018
 3.4221176e+018
 3.4117597e+018
 3.4012692e+018
 3.3906496e+018
 3.3799046e+018
 3.3690378e+018
 3.3580526e+018
 3.3469524e+018
 3.3357407e+018
 3.3244207e+018
 3.3129957e+018
 3.3014690e+018
 3.2898436e+018
 3.2781227e+018
 3.2663094e+018
 3.2544066e+018
 3.2424172e+018
 3.2303443e+018
 3.2181906e+018
 3.2059589e+018
 3.1936521e+018
 3.1812727e+018
 3.1688235e+018
 3.1563071e+018
 3.1437260e+018
 3.1310828e+018
 3.1183800e+018
 3.1056199e+018
 3.0928051e+018
 3.0799377e+018
 3.0670203e+018
 3.0540550e+018
 3.0410440e+018
 3.0279896e+018
 3.0148939e+018
 3.0017590e+018
 2.9885870e+018
 2.9753800e+018
 2.9621399e+018
 2.9488687e+018
 2.9355683e+018
 2.9222406e+018
 2.9088876e+018
 2.8955109e+018
 2.8821125e+018
 2.8686940e+018
 2.8552572e+018
 2.8418038e+018
 2.8283354e+018
 2.8148537e+018
 2.8013602e+018
 2.7878566e+018
 2.7743444e+018
 2.7608251e+018
 2.7473001e+018
 2.7337709e+018
 2.7202390e+018
 2.7067057e+018
 2.6931724e+018
 2.6796404e+018
 2.6661111e+018
 2.6525857e+018
 2.6390655e+018
 2.6255518e+018
 2.6120457e+018
 2.5985484e+018
 2.5850611e+018
 2.5715850e+018
 2.5581211e+018
 2.5446705e+018
 2.5312344e+018
 2.5178136e+018
 2.5044094e+018
 2.4910226e+018
 2.4776543e+018
 2.4643054e+018
 2.4509768e+018
 2.4376695e+018
 2.4243843e+018
 2.4111222e+018
 2.3978840e+018
 2.3846705e+018
 2.3714826e+018
 2.3583210e+018
 2.3451865e+018
 2.3320799e+018
 2.3190020e+018
 2.3059534e+018
 2.2929349e+018
 2.2799472e+018
 2.2669909e+018
 2.2540667e+018
 2.2411753e+018
 2.2283173e+018
 2.2154932e+018
 2.2027037e+018
 2.1899494e+018
 2.1772309e+018
 2.1645486e+018
 2.1519031e+018
 2.1392950e+018
 2.1267248e+018
 2.1141929e+018
 2.1016998e+018
 2.0892460e+018
 2.0768320e+018
 2.0644582e+018
 2.0521250e+018
 2.0398328e+018
 2.0275821e+018
 2.0153732e+018
 2.0032066e+018
 1.9910825e+018
 1.9790014e+018
 1.9669635e+018
 1.9549693e+018
 1.9430190e+018
 1.9311130e+018
 1.9192516e+018
 1.9074350e+018
 1.8956636e+018
 1.8839375e+018
 1.8722571e+018
 1.8606227e+018
 1.8490344e+018
 1.8374925e+018
 1.8259973e+018
 1.8145488e+018
 1.8031475e+018
 1.7917933e+018
 1.7804866e+018
 1.7692275e+018
 1.7580162e+018
 1.7468528e+018
 1.7357375e+018
 1.7246705e+018
 1.7136519e+018
 1.7026818e+018
 1.6917603e+018
 1.6808876e+018
 1.6700638e+018
 1.6592889e+018
 1.6485631e+018
 1.6378865e+018
 1.6272592e+018
 1.6166812e+018
 1.6061525e+018
 1.5956734e+018
 1.5852437e+018
 1.5748637e+018
 1.5645332e+018
 1.5542524e+018
 1.5440213e+018
 1.5338399e+018
 1.5237083e+018
 1.5136264e+018
 1.5035944e+018
 1.4936121e+018
 1.4836795e+018
 1.4737968e+018
 1.4639638e+018
 1.4541806e+018
 1.4444472e+018
 1.4347635e+018
 1.4251295e+018
 1.4155451e+018
 1.4060104e+018
 1.3965253e+018
 1.3870897e+018
 1.3777037e+018
 1.3683671e+018
 1.3590799e+018
 1.3498420e+018
 1.3406534e+018
 1.3315141e+018
 1.3224238e+018
 1.3133827e+018
 1.3043905e+018
 1.2954473e+018
 1.2865529e+018
 1.2777072e+018
 1.2689102e+018
 1.2601618e+018
 1.2514618e+018
 1.2428102e+018
 1.2342068e+018
 1.2256516e+018
 1.2171445e+018
 1.2086854e+018
 1.2002740e+018
 1.1919104e+018
 1.1835944e+018
 1.1753259e+018
 1.1671047e+018
 1.1589308e+018
 1.1508040e+018
 1.1427241e+018
 1.1346912e+018
 1.1267049e+018
 1.1187653e+018
 1.1108721e+018
 1.1030252e+018
 1.0952245e+018
 1.0874698e+018
 1.0797610e+018
 1.0720979e+018
 1.0644804e+018
 1.0569084e+018
 1.0493817e+018
 1.0419001e+018
 1.0344635e+018
 1.0270718e+018
 1.0197247e+018
 1.0124222e+018
 1.0051640e+018
 9.9795000e+017
 9.9078006e+017
 9.8365401e+017
 9.7657167e+017
 9.6953289e+017
 9.6253749e+017
 9.5558532e+017
 9.4867620e+017
 9.4180997e+017
 9.3498645e+017
 9.2820547e+017
 9.2146688e+017
 9.1477048e+017
 9.0811611e+017
 9.0150360e+017
 8.9493278e+017
 8.8840346e+017
 8.8191547e+017
 8.7546864e+017
 8.6906279e+017
 8.6269774e+017
 8.5637331e+017
 8.5008933e+017
 8.4384562e+017
 8.3764199e+017
 8.3147828e+017
 8.2535429e+017
 8.1926985e+017
 8.1322478e+017
 8.0721890e+017
 8.0125202e+017
 7.9532396e+017
 7.8943455e+017
 7.8358359e+017
 7.7777091e+017
 7.7199633e+017
 7.6625966e+017
 7.6056072e+017
 7.5489933e+017
 7.4927530e+017
 7.4368845e+017
 7.3813859e+017
 7.3262556e+017
 7.2714915e+017
 7.2170919e+017
 7.1630550e+017
 7.1093789e+017
 7.0560617e+017
 7.0031018e+017
 6.9504971e+017
 6.8982460e+017
 6.8463465e+017
 6.7947969e+017
 6.7435953e+017
 6.6927400e+017
 6.6422290e+017
 6.5920605e+017
 6.5422328e+017
 6.4927441e+017
 6.4435925e+017
 6.3947762e+017
 6.3462934e+017
 6.2981423e+017
 6.2503211e+017
 6.2028280e+017
 6.1556612e+017
 6.1088189e+017
 6.0622994e+017
 6.0161008e+017
 5.9702214e+017
 5.9246594e+017
 5.8794130e+017
 5.8344804e+017
 5.7898599e+017
 5.7455497e+017
 5.7015481e+017
 5.6578532e+017
 5.6144635e+017
 5.5713770e+017
 5.5285921e+017
 5.4861071e+017
 5.4439201e+017
 5.4020296e+017
 5.3604336e+017
 5.3191307e+017
 5.2781189e+017
 5.2373967e+017
 5.1969623e+017
 5.1568140e+017
 5.1169502e+017
 5.0773691e+017
 5.0380691e+017
 4.9990484e+017
 4.9603055e+017
 4.9218387e+017
 4.8836463e+017
 4.8457266e+017
 4.8080780e+017
 4.7706989e+017
 4.7335876e+017
 4.6967425e+017
 4.6601620e+017
 4.6238444e+017
 4.5877882e+017
 4.5519918e+017
 4.5164535e+017
 4.4811717e+017
 4.4461449e+017
 4.4113715e+017
 4.3768499e+017
 4.3425785e+017
 4.3085558e+017
 4.2747802e+017
 4.2412502e+017
 4.2079643e+017
 4.1749208e+017
 4.1421183e+017
 4.1095552e+017
 4.0772301e+017
 4.0451413e+017
 4.0132875e+017
 3.9816671e+017
 3.9502786e+017
 3.9191205e+017
 3.8881914e+017
 3.8574898e+017
 3.8270142e+017
 3.7967631e+017
 3.7667352e+017
 3.7369289e+017
 3.7073428e+017
 3.6779756e+017
 3.6488257e+017
 3.6198918e+017
 3.5911724e+017
 3.5626661e+017
 3.5343716e+017
 3.5062874e+017
 3.4784122e+017
 3.4507446e+017
 3.4232832e+017
 3.3960266e+017
 3.3689735e+017
 3.3421226e+017
 3.3154724e+017
 3.2890217e+017
 3.2627692e+017
 3.2367134e+017
 3.2108531e+017
 3.1851870e+017
 3.1597138e+017
 3.1344321e+017
 3.1093407e+017
 3.0844384e+017
 3.0597237e+017
 3.0351955e+017
 3.0108525e+017
 2.9866934e+017
 2.9627170e+017
 2.9389221e+017
 2.9153073e+017
 2.8918715e+017
 2.8686135e+017
 2.8455320e+017
 2.8226258e+017
 2.7998937e+017
 2.7773346e+017
 2.7549472e+017
 2.7327303e+017
 2.7106828e+017
 2.6888035e+017
 2.6670912e+017
 2.6455448e+017
 2.6241631e+017
 2.6029450e+017
 2.5818893e+017
 2.5609950e+017
 2.5402608e+017
 2.5196857e+017
 2.4992685e+017
 2.4790082e+017
 2.4589036e+017
 2.4389537e+017
 2.4191574e+017
 2.3995135e+017
 2.3800210e+017
 2.3606789e+017
 2.3414861e+017
 2.3224414e+017
 2.3035440e+017
 2.2847927e+017
 2.2661865e+017
 2.2477243e+017
 2.2294052e+017
 2.2112281e+017
 2.1931920e+017
 2.1752959e+017
 2.1575388e+017
 2.1399197e+017
 2.1224376e+017
 2.1050916e+017
 2.0878806e+017
 2.0708037e+017
 2.0538599e+017
 2.0370483e+017
 2.0203679e+017
 2.0038178e+017
 1.9873970e+017
 1.9711046e+017
 1.9549396e+017
 1.9389012e+017
 1.9229884e+017
 1.9072003e+017
 1.8915360e+017
 1.8759946e+017
 1.8605753e+017
 1.8452770e+017
 1.8300990e+017
 1.8150403e+017
 1.8001001e+017
 1.7852775e+017
 1.7705717e+017
 1.7559818e+017
 1.7415069e+017
 1.7271462e+017
 1.7128989e+017
 1.6987641e+017
 1.6847410e+017
 1.6708288e+017
 1.6570266e+017
 1.6433337e+017
 1.6297493e+017
 1.6162724e+017
 1.6029025e+017
 1.5896385e+017
 1.5764798e+017
 1.5634256e+017
 1.5504751e+017
 1.5376275e+017
 1.5248821e+017
 1.5122381e+017
 1.4996948e+017
 1.4872513e+017
 1.4749070e+017
 1.4626611e+017
 1.4505129e+017
 1.4384616e+017
 1.4265065e+017
 1.4146469e+017
 1.4028821e+017
 1.3912114e+017
 1.3796340e+017
 1.3681493e+017
 1.3567565e+017
 1.3454550e+017
 1.3342441e+017
 1.3231231e+017
 1.3120913e+017
 1.3011480e+017
 1.2902926e+017
 1.2795244e+017
 1.2688428e+017
 1.2582470e+017
 1.2477365e+017
 1.2373105e+017
 1.2269685e+017
 1.2167098e+017
 1.2065338e+017
 1.1964399e+017
 1.1864273e+017
 1.1764956e+017
 1.1666440e+017
 1.1568720e+017
 1.1471790e+017
 1.1375643e+017
 1.1280274e+017
 1.1185676e+017
 1.1091844e+017
 1.0998772e+017
 1.0906454e+017
 1.0814884e+017
 1.0724057e+017
 1.0633967e+017
 1.0544607e+017
 1.0455973e+017
 1.0368059e+017
 1.0280859e+017
 1.0194368e+017
 1.0108580e+017
 1.0023490e+017
 9.9390932e+016
 9.8553831e+016
 9.7723548e+016
 9.6900030e+016
 9.6083225e+016
 9.5273082e+016
 9.4469548e+016
 9.3672572e+016
 9.2882103e+016
 9.2098090e+016
 9.1320484e+016
 9.0549234e+016
 8.9784290e+016
 8.9025605e+016
 8.8273129e+016
 8.7526813e+016
 8.6786609e+016
 8.6052470e+016
 8.5324348e+016
 8.4602197e+016
 8.3885969e+016
 8.3175618e+016
 8.2471097e+016
 8.1772363e+016
 8.1079368e+016
 8.0392068e+016
 7.9710418e+016
 7.9034374e+016
 7.8363892e+016
 7.7698928e+016
 7.7039438e+016
 7.6385380e+016
 7.5736710e+016
 7.5093386e+016
 7.4455367e+016
 7.3822609e+016
 7.3195073e+016
 7.2572715e+016
 7.1955496e+016
 7.1343374e+016
 7.0736310e+016
 7.0134264e+016
 6.9537195e+016
 6.8945064e+016
 6.8357832e+016
 6.7775460e+016
 6.7197910e+016
 6.6625143e+016
 6.6057122e+016
 6.5493808e+016
 6.4935164e+016
 6.4381153e+016
 6.3831738e+016
 6.3286882e+016
 6.2746550e+016
 6.2210704e+016
 6.1679310e+016
 6.1152331e+016
 6.0629733e+016
 6.0111481e+016
 5.9597539e+016
 5.9087873e+016
 5.8582450e+016
 5.8081234e+016
 5.7584193e+016
 5.7091292e+016
 5.6602500e+016
 5.6117782e+016
 5.5637106e+016
 5.5160440e+016
 5.4687751e+016
 5.4219008e+016
 5.3754178e+016
 5.3293231e+016
 5.2836135e+016
 5.2382858e+016
 5.1933371e+016
 5.1487643e+016
 5.1045643e+016
 5.0607342e+016
 5.0172709e+016
 4.9741715e+016
 4.9314331e+016
 4.8890527e+016
 4.8470274e+016
 4.8053544e+016
 4.7640308e+016
 4.7230538e+016
 4.6824207e+016
 4.6421285e+016
 4.6021745e+016
 4.5625561e+016
 4.5232704e+016
 4.4843148e+016
 4.4456867e+016
 4.4073832e+016
 4.3694019e+016
 4.3317400e+016
 4.2943950e+016
 4.2573644e+016
 4.2206455e+016
 4.1842358e+016
 4.1481328e+016
 4.1123340e+016
 4.0768369e+016
 4.0416391e+016
 4.0067381e+016
 3.9721315e+016
 3.9378168e+016
 3.9037918e+016
 3.8700541e+016
 3.8366012e+016
 3.8034309e+016
 3.7705408e+016
 3.7379288e+016
 3.7055923e+016
 3.6735294e+016
 3.6417376e+016
 3.6102148e+016
 3.5789587e+016
 3.5479672e+016
 3.5172381e+016
 3.4867693e+016
 3.4565586e+016
 3.4266039e+016
 3.3969030e+016
 3.3674540e+016
 3.3382547e+016
 3.3093031e+016
 3.2805971e+016
 3.2521347e+016
 3.2239140e+016
 3.1959328e+016
 3.1681894e+016
 3.1406816e+016
 3.1134075e+016
 3.0863653e+016
 3.0595530e+016
 3.0329686e+016
 3.0066104e+016
 2.9804765e+016
 2.9545649e+016
 2.9288740e+016
 2.9034017e+016
 2.8781464e+016
 2.8531063e+016
 2.8282794e+016
 2.8036642e+016
 2.7792588e+016
 2.7550615e+016
 2.7310706e+016
 2.7072843e+016
 2.6837010e+016
 2.6603190e+016
 2.6371366e+016
 2.6141521e+016
 2.5913640e+016
 2.5687705e+016
 2.5463701e+016
 2.5241611e+016
 2.5021420e+016
 2.4803111e+016
 2.4586670e+016
 2.4372081e+016
 2.4159327e+016
 2.3948395e+016
 2.3739268e+016
 2.3531932e+016
 2.3326371e+016
 2.3122572e+016
 2.2920519e+016
 2.2720197e+016
 2.2521593e+016
 2.2324691e+016
 2.2129478e+016
 2.1935940e+016
 2.1744062e+016
 2.1553831e+016
 2.1365233e+016
 2.1178254e+016
 2.0992880e+016
 2.0809099e+016
 2.0626897e+016
 2.0446260e+016
 2.0267176e+016
 2.0089631e+016
 1.9913613e+016
 1.9739109e+016
 1.9566106e+016
 1.9394592e+016
 1.9224553e+016
 1.9055979e+016
 1.8888855e+016
 1.8723171e+016
 1.8558914e+016
 1.8396072e+016
 1.8234633e+016
 1.8074585e+016
 1.7915917e+016
 1.7758617e+016
 1.7602674e+016
 1.7448076e+016
 1.7294811e+016
 1.7142870e+016
 1.6992239e+016
 1.6842909e+016
 1.6694868e+016
 1.6548106e+016
 1.6402612e+016
 1.6258374e+016
 1.6115383e+016
 1.5973628e+016
 1.5833098e+016
 1.5693784e+016
 1.5555674e+016
 1.5418759e+016
 1.5283028e+016
 1.5148472e+016
 1.5015081e+016
 1.4882844e+016
 1.4751753e+016
 1.4621796e+016
 1.4492966e+016
 1.4365251e+016
 1.4238643e+016
 1.4113132e+016
 1.3988710e+016
 1.3865366e+016
 1.3743092e+016
 1.3621878e+016
 1.3501716e+016
 1.3382596e+016
 1.3264511e+016
 1.3147450e+016
 1.3031405e+016
 1.2916369e+016
 1.2802331e+016
 1.2689284e+016
 1.2577219e+016
 1.2466128e+016
 1.2356002e+016
 1.2246834e+016
 1.2138614e+016
 1.2031336e+016
 1.1924991e+016
 1.1819572e+016
 1.1715069e+016
 1.1611476e+016
 1.1508784e+016
 1.1406987e+016
 1.1306076e+016
 1.1206043e+016
 1.1106882e+016
 1.1008585e+016
 1.0911145e+016
 1.0814553e+016
 1.0718804e+016
 1.0623889e+016
 1.0529802e+016
 1.0436535e+016
 1.0344082e+016
 1.0252435e+016
 1.0161589e+016
 1.0071535e+016
 9.9822666e+015
 9.8937779e+015
 9.8060619e+015
 9.7191120e+015
 9.6329215e+015
 9.5474839e+015
 9.4627929e+015
 9.3788421e+015
 9.2956250e+015
 9.2131354e+015
 9.1313670e+015
 9.0503137e+015
 8.9699693e+015
 8.8903278e+015
 8.8113831e+015
 8.7331292e+015
 8.6555603e+015
 8.5786703e+015
 8.5024535e+015
 8.4269042e+015
 8.3520164e+015
 8.2777847e+015
 8.2042033e+015
 8.1312667e+015
 8.0589692e+015
 7.9873055e+015
 7.9162700e+015
 7.8458573e+015
 7.7760622e+015
 7.7068791e+015
 7.6383030e+015
 7.5703286e+015
 7.5029506e+015
 7.4361639e+015
 7.3699635e+015
 7.3043443e+015
 7.2393012e+015
 7.1748294e+015
 7.1109238e+015
 7.0475797e+015
 6.9847920e+015
 6.9225562e+015
 6.8608673e+015
 6.7997206e+015
 6.7391116e+015
 6.6790354e+015
 6.6194876e+015
 6.5604635e+015
 6.5019587e+015
 6.4439686e+015
 6.3864888e+015
 6.3295149e+015
 6.2730425e+015
 6.2170672e+015
 6.1615848e+015
 6.1065910e+015
 6.0520816e+015
 5.9980523e+015
 5.9444990e+015
 5.8914176e+015
 5.8388041e+015
 5.7866542e+015
 5.7349641e+015
 5.6837297e+015
 5.6329471e+015
 5.5826124e+015
 5.5327217e+015
 5.4832710e+015
 5.4342567e+015
 5.3856750e+015
 5.3375220e+015
 5.2897940e+015
 5.2424874e+015
 5.1955985e+015
 5.1491237e+015
 5.1030593e+015
 5.0574019e+015
 5.0121478e+015
 4.9672935e+015
 4.9228357e+015
 4.8787708e+015
 4.8350954e+015
 4.7918061e+015
 4.7488996e+015
 4.7063725e+015
 4.6642216e+015
 4.6224435e+015
 4.5810350e+015
 4.5399930e+015
 4.4993141e+015
 4.4589953e+015
 4.4190334e+015
 4.3794252e+015
 4.3401678e+015
 4.3012580e+015
 4.2626928e+015
 4.2244693e+015
 4.1865843e+015
 4.1490351e+015
 4.1118186e+015
 4.0749319e+015
 4.0383722e+015
 4.0021366e+015
 3.9662223e+015
 3.9306264e+015
 3.8953463e+015
 3.8603791e+015
 3.8257220e+015
 3.7913725e+015
 3.7573278e+015
 3.7235852e+015
 3.6901420e+015
 3.6569958e+015
 3.6241438e+015
 3.5915836e+015
 3.5593125e+015
 3.5273280e+015
 3.4956276e+015
 3.4642088e+015
 3.4330692e+015
 3.4022063e+015
 3.3716177e+015
 3.3413010e+015
 3.3112537e+015
 3.2814737e+015
 3.2519584e+015
 3.2227056e+015
 3.1937130e+015
 3.1649782e+015
 3.1364991e+015
 3.1082734e+015
 3.0802989e+015
 3.0525733e+015
 3.0250946e+015
 2.9978604e+015
 2.9708687e+015
 2.9441173e+015
 2.9176042e+015
 2.8913272e+015
 2.8652842e+015
 2.8394733e+015
 2.8138923e+015
 2.7885393e+015
 2.7634122e+015
 2.7385091e+015
 2.7138280e+015
 2.6893669e+015
 2.6651239e+015
 2.6410970e+015
 2.6172845e+015
 2.5936843e+015
 2.5702947e+015
 2.5471138e+015
 2.5241396e+015
 2.5013705e+015
 2.4788046e+015
 2.4564401e+015
 2.4342753e+015
 2.4123084e+015
 2.3905375e+015
 2.3689612e+015
 2.3475775e+015
 2.3263848e+015
 2.3053814e+015
 2.2845657e+015
 2.2639359e+015
 2.2434906e+015
 2.2232279e+015
 2.2031464e+015
 2.1832443e+015
 2.1635203e+015
 2.1439725e+015
 2.1245996e+015
 2.1054000e+015
 2.0863720e+015
 2.0675143e+015
 2.0488253e+015
 2.0303035e+015
 2.0119475e+015
 1.9937558e+015
 1.9757268e+015
 1.9578593e+015
 1.9401517e+015
 1.9226027e+015
 1.9052108e+015
 1.8879747e+015
 1.8708929e+015
 1.8539642e+015
 1.8371871e+015
 1.8205603e+015
 1.8040825e+015
 1.7877524e+015
 1.7715687e+015
 1.7555300e+015
 1.7396351e+015
 1.7238827e+015
 1.7082715e+015
 1.6928004e+015
 1.6774679e+015
 1.6622731e+015
 1.6472145e+015
 1.6322910e+015
 1.6175014e+015
 1.6028445e+015
 1.5883192e+015
 1.5739242e+015
 1.5596584e+015
 1.5455207e+015
 1.5315100e+015
 1.5176250e+015
 1.5038647e+015
 1.4902280e+015
 1.4767138e+015
 1.4633210e+015
 1.4500485e+015
 1.4368952e+015
 1.4238602e+015
 1.4109423e+015
 1.3981404e+015
 1.3854537e+015
 1.3728810e+015
 1.3604213e+015
 1.3480737e+015
 1.3358371e+015
 1.3237105e+015
 1.3116930e+015
 1.2997836e+015
 1.2879814e+015
 1.2762853e+015
 1.2646944e+015
 1.2532079e+015
 1.2418247e+015
 1.2305440e+015
 1.2193648e+015
 1.2082863e+015
 1.1973075e+015
 1.1864276e+015
 1.1756456e+015
 1.1649608e+015
 1.1543721e+015
 1.1438789e+015
 1.1334802e+015
 1.1231752e+015
 1.1129630e+015
 1.1028428e+015
 1.0928139e+015
 1.0828753e+015
 1.0730264e+015
 1.0632662e+015
 1.0535940e+015
 1.0440090e+015
 1.0345105e+015
 1.0250976e+015
 1.0157696e+015
 1.0065258e+015
 9.9736530e+014
 9.8828748e+014
 9.7929157e+014
 9.7037684e+014
 9.6154256e+014
 9.5278801e+014
 9.4411248e+014
 9.3551527e+014
 9.2699567e+014
 9.1855299e+014
 9.1018654e+014
 9.0189565e+014
 8.9367964e+014
 8.8553783e+014
 8.7746957e+014
 8.6947420e+014
 8.6155107e+014
 8.5369952e+014
 8.4591892e+014
 8.3820864e+014
 8.3056805e+014
 8.2299651e+014
 8.1549343e+014
 8.0805817e+014
 8.0069014e+014
 7.9338874e+014
 7.8615336e+014
 7.7898342e+014
 7.7187833e+014
 7.6483750e+014
 7.5786038e+014
 7.5094637e+014
 7.4409493e+014
 7.3730548e+014
 7.3057748e+014
 7.2391037e+014
 7.1730360e+014
 7.1075664e+014
 7.0426895e+014
 6.9783999e+014
 6.9146925e+014
 6.8515620e+014
 6.7890032e+014
 6.7270110e+014
 6.6655803e+014
 6.6047061e+014
 6.5443834e+014
 6.4846072e+014
 6.4253727e+014
 6.3666749e+014
 6.3085091e+014
 6.2508705e+014
 6.1937543e+014
 6.1371558e+014
 6.0810705e+014
 6.0254937e+014
 5.9704208e+014
 5.9158474e+014
 5.8617688e+014
 5.8081807e+014
 5.7550787e+014
 5.7024584e+014
 5.6503155e+014
 5.5986457e+014
 5.5474447e+014
 5.4967083e+014
 5.4464324e+014
 5.3966127e+014
 5.3472453e+014
 5.2983260e+014
 5.2498508e+014
 5.2018157e+014
 5.1542167e+014
 5.1070500e+014
 5.0603116e+014
 5.0139977e+014
 4.9681045e+014
 4.9226281e+014
 4.8775648e+014
 4.8329110e+014
 4.7886629e+014
 4.7448168e+014
 4.7013692e+014
 4.6583165e+014
 4.6156550e+014
 4.5733813e+014
 4.5314919e+014
 4.4899834e+014
 4.4488522e+014
 4.4080950e+014
 4.3677084e+014
 4.3276892e+014
 4.2880338e+014
 4.2487392e+014
 4.2098020e+014
 4.1712190e+014
 4.1329870e+014
 4.0951029e+014
 4.0575635e+014
 4.0203658e+014
 3.9835065e+014
 3.9469827e+014
 3.9107914e+014
 3.8749295e+014
 3.8393940e+014
 3.8041821e+014
 3.7692908e+014
 3.7347173e+014
 3.7004585e+014
 3.6665118e+014
 3.6328742e+014
 3.5995431e+014
 3.5665155e+014
 3.5337889e+014
 3.5013604e+014
 3.4692274e+014
 3.4373872e+014
 3.4058371e+014
 3.3745746e+014
 3.3435970e+014
 3.3129018e+014
 3.2824864e+014
 3.2523483e+014
 3.2224849e+014
 3.1928939e+014
 3.1635726e+014
 3.1345188e+014
 3.1057299e+014
 3.0772036e+014
 3.0489375e+014
 3.0209292e+014
 2.9931764e+014
 2.9656769e+014
 2.9384282e+014
 2.9114282e+014
 2.8846746e+014
 2.8581651e+014
 2.8318976e+014
 2.8058699e+014
 2.7800797e+014
 2.7545249e+014
 2.7292035e+014
 2.7041133e+014
 2.6792521e+014
 2.6546180e+014
 2.6302088e+014
 2.6060226e+014
 2.5820573e+014
 2.5583109e+014
 2.5347814e+014
 2.5114668e+014
 2.4883653e+014
 2.4654749e+014
 2.4427936e+014
 2.4203196e+014
 2.3980509e+014
 2.3759858e+014
 2.3541224e+014
 2.3324589e+014
 2.3109933e+014
 2.2897241e+014
 2.2686492e+014
 2.2477671e+014
 2.2270760e+014
 2.2065740e+014
 2.1862596e+014
 2.1661309e+014
 2.1461864e+014
 2.1264243e+014
 2.1068430e+014
 2.0874409e+014
 2.0682162e+014
 2.0491675e+014
 2.0302931e+014
 2.0115914e+014
 1.9930609e+014
 1.9747000e+014
 1.9565071e+014
 1.9384808e+014
 1.9206195e+014
 1.9029217e+014
 1.8853860e+014
 1.8680108e+014
 1.8507948e+014
 1.8337364e+014
 1.8168342e+014
 1.8000868e+014
 1.7834929e+014
 1.7670509e+014
 1.7507596e+014
 1.7346175e+014
 1.7186233e+014
 1.7027757e+014
 1.6870733e+014
 1.6715148e+014
 1.6560989e+014
 1.6408243e+014
 1.6256896e+014
 1.6106937e+014
 1.5958353e+014
 1.5811131e+014
 1.5665259e+014
 1.5520725e+014
 1.5377515e+014
 1.5235619e+014
 1.5095024e+014
 1.4955719e+014
 1.4817692e+014
 1.4680930e+014
 1.4545423e+014
 1.4411159e+014
 1.4278128e+014
 1.4146316e+014
 1.4015714e+014
 1.3886311e+014
 1.3758095e+014
 1.3631056e+014
 1.3505183e+014
 1.3380465e+014
 1.3256892e+014
 1.3134453e+014
 1.3013139e+014
 1.2892938e+014
 1.2773841e+014
 1.2655837e+014
 1.2538918e+014
 1.2423071e+014
 1.2308289e+014
 1.2194561e+014
 1.2081878e+014
 1.1970230e+014
 1.1859607e+014
 1.1750001e+014
 1.1641402e+014
 1.1533801e+014
 1.1427188e+014
 1.1321555e+014
 1.1216893e+014
 1.1113193e+014
 1.1010446e+014
 1.0908643e+014
 1.0807776e+014
 1.0707837e+014
 1.0608816e+014
 1.0510706e+014
 1.0413497e+014
 1.0317183e+014
 1.0221754e+014
 1.0127203e+014
 1.0033522e+014
 9.9407017e+013
 9.8487356e+013
 9.7576154e+013
 9.6673335e+013
 9.5778822e+013
 9.4892538e+013
 9.4014409e+013
 9.3144361e+013
 9.2282319e+013
 9.1428209e+013
 9.0581961e+013
 8.9743501e+013
 8.8912758e+013
 8.8089663e+013
 8.7274144e+013
 8.6466133e+013
 8.5665561e+013
 8.4872360e+013
 8.4086463e+013
 8.3307803e+013
 8.2536313e+013
 8.1771928e+013
 8.1014583e+013
 8.0264213e+013
 7.9520755e+013
 7.8784146e+013
 7.8054322e+013
 7.7331222e+013
 7.6614784e+013
 7.5904948e+013
 7.5201651e+013
 7.4504836e+013
 7.3814442e+013
 7.3130411e+013
 7.2452684e+013
 7.1781204e+013
 7.1115913e+013
 7.0456755e+013
 6.9803674e+013
 6.9156614e+013
 6.8515519e+013
 6.7880335e+013
 6.7251008e+013
 6.6627485e+013
 6.6009712e+013
 6.5397636e+013
 6.4791205e+013
 6.4190367e+013
 6.3595072e+013
 6.3005268e+013
 6.2420905e+013
 6.1841934e+013
 6.1268304e+013
 6.0699966e+013
 6.0136873e+013
 5.9578976e+013
 5.9026228e+013
 5.8478580e+013
 5.7935987e+013
 5.7398402e+013
 5.6865780e+013
 5.6338073e+013
 5.5815239e+013
 5.5297231e+013
 5.4784005e+013
 5.4275519e+013
 5.3771727e+013
 5.3272587e+013
 5.2778057e+013
 5.2288094e+013
 5.1802655e+013
 5.1321701e+013
 5.0845189e+013
 5.0373078e+013
 4.9905328e+013
 4.9441900e+013
 4.8982753e+013
 4.8527849e+013
 4.8077147e+013
 4.7630610e+013
 4.7188199e+013
 4.6749877e+013
 4.6315606e+013
 4.5885348e+013
 4.5459067e+013
 4.5036726e+013
 4.4618290e+013
 4.4203721e+013
 4.3792985e+013
 4.3386046e+013
 4.2982870e+013
 4.2583422e+013
 4.2187667e+013
 4.1795572e+013
 4.1407103e+013
 4.1022226e+013
 4.0640909e+013
 4.0263119e+013
 3.9888824e+013
 3.9517991e+013
 3.9150588e+013
 3.8786584e+013
 3.8425948e+013
 3.8068649e+013
 3.7714655e+013
 3.7363938e+013
 3.7016465e+013
 3.6672208e+013
 3.6331137e+013
 3.5993223e+013
 3.5658437e+013
 3.5326749e+013
 3.4998131e+013
 3.4672556e+013
 3.4349995e+013
 3.4030419e+013
 3.3713803e+013
 3.3400118e+013
 3.3089338e+013
 3.2781436e+013
 3.2476385e+013
 3.2174159e+013
 3.1874732e+013
 3.1578078e+013
 3.1284173e+013
 3.0992989e+013
 3.0704503e+013
 3.0418689e+013
 3.0135523e+013
 2.9854981e+013
 2.9577038e+013
 2.9301670e+013
 2.9028854e+013
 2.8758566e+013
 2.8490783e+013
 2.8225481e+013
 2.7962639e+013
 2.7702232e+013
 2.7444239e+013
 2.7188638e+013
 2.6935406e+013
 2.6684522e+013
 2.6435963e+013
 2.6189709e+013
 2.5945739e+013
 2.5704030e+013
 2.5464563e+013
 2.5227316e+013
 2.4992270e+013
 2.4759403e+013
 2.4528696e+013
 2.4300129e+013
 2.4073682e+013
 2.3849336e+013
 2.3627070e+013
 2.3406867e+013
 2.3188706e+013
 2.2972570e+013
 2.2758439e+013
 2.2546295e+013
 2.2336119e+013
 2.2127894e+013
 2.1921601e+013
 2.1717222e+013
 2.1514740e+013
 2.1314138e+013
 2.1115398e+013
 2.0918502e+013
 2.0723434e+013
 2.0530177e+013
 2.0338714e+013
 2.0149029e+013
 1.9961105e+013
 1.9774926e+013
 1.9590475e+013
 1.9407738e+013
 1.9226697e+013
 1.9047337e+013
 1.8869644e+013
 1.8693600e+013
 1.8519192e+013
 1.8346404e+013
 1.8175221e+013
 1.8005628e+013
 1.7837611e+013
 1.7671154e+013
 1.7506244e+013
 1.7342866e+013
 1.7181007e+013
 1.7020651e+013
 1.6861785e+013
 1.6704396e+013
 1.6548469e+013
 1.6393992e+013
 1.6240950e+013
 1.6089331e+013
 1.5939121e+013
 1.5790308e+013
 1.5642877e+013
 1.5496818e+013
 1.5352116e+013
 1.5208760e+013
 1.5066736e+013
 1.4926033e+013
 1.4786639e+013
 1.4648540e+013
 1.4511726e+013
 1.4376185e+013
 1.4241903e+013
 1.4108871e+013
 1.3977076e+013
 1.3846507e+013
 1.3717153e+013
 1.3589002e+013
 1.3462043e+013
 1.3336265e+013
 1.3211657e+013
 1.3088209e+013
 1.2965909e+013
 1.2844748e+013
 1.2724713e+013
 1.2605796e+013
 1.2487986e+013
 1.2371272e+013
 1.2255644e+013
 1.2141092e+013
 1.2027607e+013
 1.1915178e+013
 1.1803795e+013
 1.1693450e+013
 1.1584132e+013
 1.1475831e+013
 1.1368539e+013
 1.1262246e+013
 1.1156942e+013
 1.1052619e+013
 1.0949268e+013
 1.0846878e+013
 1.0745443e+013
 1.0644952e+013
 1.0545397e+013
 1.0446770e+013
 1.0349061e+013
 1.0252262e+013
 1.0156365e+013
 1.0061361e+013
 9.9672423e+012
 9.8740005e+012
 9.7816274e+012
 9.6901149e+012
 9.5994552e+012
 9.5096403e+012
 9.4206622e+012
 9.3325134e+012
 9.2451861e+012
 9.1586726e+012
 9.0729655e+012
 8.9880572e+012
 8.9039403e+012
 8.8206075e+012
 8.7380515e+012
 8.6562651e+012
 8.5752412e+012
 8.4949727e+012
 8.4154525e+012
 8.3366737e+012
 8.2586295e+012
 8.1813131e+012
 8.1047176e+012
 8.0288363e+012
 7.9536628e+012
 7.8791903e+012
 7.8054123e+012
 7.7323225e+012
 7.6599144e+012
 7.5881818e+012
 7.5171182e+012
 7.4467176e+012
 7.3769737e+012
 7.3078805e+012
 7.2394319e+012
 7.1716219e+012
 7.1044446e+012
 7.0378941e+012
 6.9719647e+012
 6.9066504e+012
 6.8419457e+012
 6.7778448e+012
 6.7143421e+012
 6.6514322e+012
 6.5891094e+012
 6.5273683e+012
 6.4662035e+012
 6.4056097e+012
 6.3455815e+012
 6.2861137e+012
 6.2272011e+012
 6.1688385e+012
 6.1110208e+012
 6.0537429e+012
 5.9969999e+012
 5.9407867e+012
 5.8850985e+012
 5.8299302e+012
 5.7752772e+012
 5.7211346e+012
 5.6674977e+012
 5.6143618e+012
 5.5617221e+012
 5.5095742e+012
 5.4579133e+012
 5.4067351e+012
 5.3560349e+012
 5.3058084e+012
 5.2560512e+012
 5.2067588e+012
 5.1579270e+012
 5.1095515e+012
 5.0616279e+012
 5.0141522e+012
 4.9671202e+012
 4.9205277e+012
 4.8743706e+012
 4.8286448e+012
 4.7833465e+012
 4.7384715e+012
 4.6940160e+012
 4.6499761e+012
 4.6063478e+012
 4.5631273e+012
 4.5203109e+012
 4.4778948e+012
 4.4358752e+012
 4.3942485e+012
 4.3530110e+012
 4.3121591e+012
 4.2716892e+012
 4.2315977e+012
 4.1918812e+012
 4.1525360e+012
 4.1135588e+012
 4.0749462e+012
 4.0366947e+012
 3.9988009e+012
 3.9612617e+012
 3.9240735e+012
 3.8872332e+012
 3.8507376e+012
 3.8145833e+012
 3.7787673e+012
 3.7432864e+012
 3.7081374e+012
 3.6733173e+012
 3.6388230e+012
 3.6046515e+012
 3.5707998e+012
 3.5372648e+012
 3.5040436e+012
 3.4711334e+012
 3.4385311e+012
 3.4062340e+012
 3.3742392e+012
 3.3425439e+012
 3.3111452e+012
 3.2800404e+012
 3.2492268e+012
 3.2187017e+012
 3.1884623e+012
 3.1585061e+012
 3.1288303e+012
 3.0994323e+012
 3.0703097e+012
 3.0414597e+012
 3.0128798e+012
 2.9845676e+012
 2.9565205e+012
 2.9287360e+012
 2.9012118e+012
 2.8739453e+012
 2.8469343e+012
 2.8201762e+012
 2.7936687e+012
 2.7674095e+012
 2.7413964e+012
 2.7156268e+012
 2.6900988e+012
 2.6648098e+012
 2.6397578e+012
 2.6149405e+012
 2.5903557e+012
 2.5660013e+012
 2.5418750e+012
 2.5179749e+012
 2.4942987e+012
 2.4708443e+012
 2.4476098e+012
 2.4245930e+012
 2.4017919e+012
 2.3792046e+012
 2.3568289e+012
 2.3346629e+012
 2.3127048e+012
 2.2909524e+012
 2.2694040e+012
 2.2480576e+012
 2.2269113e+012
 2.2059632e+012
 2.1852115e+012
 2.1646544e+012
 2.1442901e+012
 2.1241166e+012
 2.1041324e+012
 2.0843355e+012
 2.0647243e+012
 2.0452970e+012
 2.0260519e+012
 2.0069872e+012
 1.9881014e+012
 1.9693927e+012
 1.9508595e+012
 1.9325001e+012
 1.9143129e+012
 1.8962963e+012
 1.8784488e+012
 1.8607686e+012
 1.8432544e+012
 1.8259044e+012
 1.8087172e+012
 1.7916913e+012
 1.7748251e+012
 1.7581172e+012
 1.7415660e+012
 1.7251702e+012
 1.7089282e+012
 1.6928386e+012
 1.6769000e+012
 1.6611111e+012
 1.6454703e+012
 1.6299762e+012
 1.6146277e+012
 1.5994231e+012
 1.5843613e+012
 1.5694409e+012
 1.5546606e+012
 1.5400190e+012
 1.5255148e+012
 1.5111468e+012
 1.4969137e+012
 1.4828142e+012
 1.4688472e+012
 1.4550112e+012
 1.4413052e+012
 1.4277279e+012
 1.4142780e+012
 1.4009545e+012
 1.3877561e+012
 1.3746816e+012
 1.3617300e+012
 1.3488999e+012
 1.3361904e+012
 1.3236003e+012
 1.3111284e+012
 1.2987736e+012
 1.2865350e+012
 1.2744112e+012
 1.2624014e+012
 1.2505044e+012
 1.2387192e+012
 1.2270447e+012
 1.2154798e+012
 1.2040237e+012
 1.1926752e+012
 1.1814333e+012
 1.1702970e+012
 1.1592654e+012
 1.1483375e+012
 1.1375122e+012
 1.1267887e+012
 1.1161660e+012
 1.1056431e+012
 1.0952191e+012
 1.0848931e+012
 1.0746641e+012
 1.0645313e+012
 1.0544938e+012
 1.0445506e+012
 1.0347008e+012
 1.0249437e+012
 1.0152783e+012
 1.0057038e+012
 9.9621924e+011
 9.8682389e+011
 9.7751689e+011
 9.6829739e+011
 9.5916459e+011
 9.5011767e+011
 9.4115582e+011
 9.3227824e+011
 9.2348416e+011
 9.1477278e+011
 9.0614332e+011
 8.9759503e+011
 8.8912714e+011
 8.8073890e+011
 8.7242955e+011
 8.6419837e+011
 8.5604461e+011
 8.4796756e+011
 8.3996648e+011
 8.3204068e+011
 8.2418944e+011
 8.1641207e+011
 8.0870787e+011
 8.0107616e+011
 7.9351626e+011
 7.8602748e+011
 7.7860918e+011
 7.7126068e+011
 7.6398133e+011
 7.5677048e+011
 7.4962749e+011
 7.4255173e+011
 7.3554256e+011
 7.2859935e+011
 7.2172150e+011
 7.1490838e+011
 7.0815939e+011
 7.0147393e+011
 6.9485139e+011
 6.8829120e+011
 6.8179277e+011
 6.7535551e+011
 6.6897885e+011
 6.6266222e+011
 6.5640507e+011
 6.5020683e+011
 6.4406695e+011
 6.3798488e+011
 6.3196007e+011
 6.2599200e+011
 6.2008013e+011
 6.1422393e+011
 6.0842288e+011
 6.0267646e+011
 5.9698415e+011
 5.9134546e+011
 5.8575988e+011
 5.8022690e+011
 5.7474604e+011
 5.6931680e+011
 5.6393870e+011
 5.5861127e+011
 5.5333401e+011
 5.4810648e+011
 5.4292818e+011
 5.3779867e+011
 5.3271749e+011
 5.2768418e+011
 5.2269829e+011
 5.1775938e+011
 5.1286701e+011
 5.0802073e+011
 5.0322012e+011
 4.9846475e+011
 4.9375418e+011
 4.8908801e+011
 4.8446582e+011
 4.7988718e+011
 4.7535169e+011
 4.7085895e+011
 4.6640856e+011
 4.6200011e+011
 4.5763322e+011
 4.5330748e+011
 4.4902252e+011
 4.4477796e+011
 4.4057340e+011
 4.3640848e+011
 4.3228283e+011
 4.2819607e+011
 4.2414784e+011
 4.2013778e+011
 4.1616553e+011
 4.1223072e+011
